# Accuracy (%) - Kappa coefficient
45.312 -0.094
45.312 -0.094
46.875 -0.062
46.875 -0.062
45.938 -0.081
45.938 -0.081
46.875 -0.062
46.562 -0.069
46.250 -0.075
44.688 -0.106
45.938 -0.081
46.250 -0.075
48.438 -0.031
48.125 -0.038
45.625 -0.087
45.625 -0.088
47.500 -0.050
48.125 -0.037
49.062 -0.019
48.125 -0.037
47.188 -0.056
46.562 -0.069
48.438 -0.031
47.188 -0.056
49.375 -0.013
46.875 -0.062
46.250 -0.075
47.812 -0.044
48.125 -0.037
48.750 -0.025
48.750 -0.025
47.500 -0.050
49.062 -0.019
48.125 -0.037
47.500 -0.050
47.500 -0.050
48.438 -0.031
48.438 -0.031
47.500 -0.050
46.875 -0.062
47.188 -0.056
49.062 -0.019
47.500 -0.050
47.188 -0.056
46.562 -0.069
47.500 -0.050
49.375 -0.012
48.125 -0.037
47.500 -0.050
45.938 -0.081
46.875 -0.062
47.812 -0.044
49.062 -0.019
47.500 -0.050
46.875 -0.062
48.438 -0.031
48.438 -0.031
48.438 -0.031
47.500 -0.050
47.812 -0.044
47.500 -0.050
48.438 -0.031
47.812 -0.044
47.500 -0.050
47.188 -0.056
47.500 -0.050
48.125 -0.037
48.750 -0.025
47.812 -0.044
47.188 -0.056
47.500 -0.050
47.500 -0.050
47.500 -0.050
48.125 -0.038
48.125 -0.037
47.500 -0.050
46.875 -0.062
47.188 -0.056
48.438 -0.031
48.438 -0.031
47.500 -0.050
47.500 -0.050
48.438 -0.031
47.812 -0.044
47.188 -0.056
48.125 -0.038
48.750 -0.025
48.750 -0.025
49.062 -0.019
47.500 -0.050
47.188 -0.056
48.750 -0.025
49.375 -0.013
47.812 -0.044
48.125 -0.037
48.750 -0.025
48.750 -0.025
49.062 -0.019
49.062 -0.019
49.062 -0.019
48.750 -0.025
48.125 -0.037
48.438 -0.031
48.750 -0.025
48.438 -0.031
48.750 -0.025
47.188 -0.056
48.125 -0.037
48.125 -0.037
47.500 -0.050
48.438 -0.031
47.188 -0.056
48.438 -0.031
48.125 -0.038
49.375 -0.012
49.062 -0.019
46.562 -0.069
47.500 -0.050
48.750 -0.025
49.688 -0.006
48.125 -0.037
46.875 -0.062
47.812 -0.044
49.688 -0.006
48.750 -0.025
48.438 -0.031
47.188 -0.056
48.750 -0.025
50.000 0.000
49.062 -0.019
48.438 -0.031
47.188 -0.056
49.062 -0.019
50.313 0.006
48.750 -0.025
49.375 -0.012
47.500 -0.050
48.438 -0.031
50.313 0.006
48.125 -0.037
48.438 -0.031
48.438 -0.031
49.062 -0.019
49.062 -0.019
48.438 -0.031
48.438 -0.031
48.125 -0.037
48.750 -0.025
48.750 -0.025
49.062 -0.019
48.125 -0.037
49.062 -0.019
48.438 -0.031
48.125 -0.037
47.812 -0.044
48.438 -0.031
48.438 -0.031
47.812 -0.044
48.750 -0.025
47.500 -0.050
48.750 -0.025
48.438 -0.031
49.062 -0.019
49.062 -0.019
49.062 -0.019
50.000 0.000
49.375 -0.013
50.625 0.012
49.688 -0.006
48.125 -0.037
50.000 0.000
49.688 -0.006
50.313 0.006
49.688 -0.006
48.438 -0.031
49.375 -0.012
50.000 0.000
50.313 0.006
50.313 0.006
49.062 -0.019
48.438 -0.031
50.000 0.000
50.000 0.000
50.313 0.006
48.750 -0.025
47.500 -0.050
48.750 -0.025
50.625 0.013
49.062 -0.019
49.062 -0.019
50.625 0.012
50.313 0.006
49.375 -0.012
48.750 -0.025
48.125 -0.037
49.375 -0.012
50.000 0.000
48.750 -0.025
47.500 -0.050
50.313 0.006
49.688 -0.006
49.688 -0.006
48.750 -0.025
47.812 -0.044
49.062 -0.019
50.313 0.006
49.375 -0.013
49.062 -0.019
48.750 -0.025
48.125 -0.037
49.688 -0.006
50.938 0.019
49.062 -0.019
50.000 0.000
49.375 -0.012
47.500 -0.050
49.062 -0.019
51.250 0.025
50.938 0.019
49.062 -0.019
46.875 -0.062
48.438 -0.031
49.688 -0.006
50.938 0.019
48.438 -0.031
46.562 -0.069
48.750 -0.025
50.313 0.006
50.938 0.019
49.375 -0.012
47.500 -0.050
50.000 0.000
49.062 -0.019
48.750 -0.025
48.438 -0.031
47.500 -0.050
48.125 -0.037
48.438 -0.031
49.062 -0.019
47.812 -0.044
47.812 -0.044
48.438 -0.031
47.812 -0.044
47.188 -0.056
46.875 -0.062
47.500 -0.050
47.500 -0.050
48.438 -0.031
47.188 -0.056
46.875 -0.062
46.875 -0.062
47.188 -0.056
47.188 -0.056
47.500 -0.050
46.250 -0.075
45.938 -0.081
46.562 -0.069
47.500 -0.050
46.875 -0.062
47.188 -0.056
46.562 -0.069
46.250 -0.075
47.188 -0.056
47.188 -0.056
46.875 -0.062
47.500 -0.050
46.250 -0.075
45.938 -0.081
47.500 -0.050
46.562 -0.069
46.562 -0.069
46.875 -0.062
47.188 -0.056
45.938 -0.081
47.812 -0.044
46.875 -0.062
47.188 -0.056
46.875 -0.062
47.500 -0.050
47.812 -0.044
46.875 -0.062
47.500 -0.050
46.562 -0.069
46.875 -0.062
47.188 -0.056
46.875 -0.062
46.875 -0.062
46.250 -0.075
45.938 -0.081
47.812 -0.044
47.500 -0.050
47.188 -0.056
46.562 -0.069
47.812 -0.044
48.125 -0.037
46.250 -0.075
47.500 -0.050
46.875 -0.062
47.812 -0.044
47.188 -0.056
46.562 -0.069
47.500 -0.050
46.562 -0.069
47.500 -0.050
47.188 -0.056
46.250 -0.075
45.000 -0.100
45.938 -0.081
46.875 -0.062
46.562 -0.069
45.625 -0.087
46.562 -0.069
48.125 -0.037
47.812 -0.044
46.250 -0.075
45.938 -0.081
46.250 -0.075
46.562 -0.069
46.562 -0.069
45.312 -0.094
45.000 -0.100
46.250 -0.075
45.625 -0.087
45.938 -0.081
46.250 -0.075
45.938 -0.081
46.875 -0.062
45.625 -0.087
45.312 -0.094
45.625 -0.088
45.625 -0.088
47.812 -0.044
46.875 -0.062
47.500 -0.050
46.562 -0.069
45.938 -0.081
47.500 -0.050
49.062 -0.019
46.875 -0.062
45.938 -0.081
46.875 -0.062
47.188 -0.056
47.812 -0.044
47.812 -0.044
46.875 -0.062
47.812 -0.044
46.875 -0.062
47.812 -0.044
47.188 -0.056
47.188 -0.056
47.500 -0.050
47.500 -0.050
47.812 -0.044
47.812 -0.044
47.500 -0.050
48.125 -0.037
47.500 -0.050
49.375 -0.012
48.438 -0.031
47.500 -0.050
47.500 -0.050
47.812 -0.044
48.438 -0.031
48.750 -0.025
48.125 -0.037
45.938 -0.081
46.875 -0.062
48.125 -0.037
48.125 -0.038
46.562 -0.069
45.625 -0.087
45.938 -0.081
48.438 -0.031
48.125 -0.038
47.188 -0.056
46.250 -0.075
46.875 -0.062
48.750 -0.025
48.125 -0.037
47.188 -0.056
47.812 -0.044
47.812 -0.044
47.812 -0.044
47.188 -0.056
46.875 -0.062
48.125 -0.037
49.062 -0.019
47.188 -0.056
46.562 -0.069
47.812 -0.044
47.812 -0.044
48.438 -0.031
46.562 -0.069
47.500 -0.050
48.750 -0.025
47.500 -0.050
46.875 -0.062
46.875 -0.062
46.875 -0.062
47.188 -0.056
47.812 -0.044
47.500 -0.050
47.812 -0.044
47.812 -0.044
46.562 -0.069
46.875 -0.062
47.188 -0.056
46.250 -0.075
48.125 -0.037
47.500 -0.050
47.188 -0.056
45.938 -0.081
46.250 -0.075
47.500 -0.050
47.500 -0.050
48.125 -0.037
46.562 -0.069
47.188 -0.056
46.875 -0.062
46.875 -0.062
46.875 -0.062
47.188 -0.056
46.562 -0.069
46.562 -0.069
46.250 -0.075
47.188 -0.056
46.562 -0.069
46.562 -0.069
46.875 -0.062
45.625 -0.087
47.188 -0.056
46.562 -0.069
46.250 -0.075
45.625 -0.088
46.562 -0.069
47.812 -0.044
47.188 -0.056
45.938 -0.081
46.875 -0.062
47.188 -0.056
47.188 -0.056
47.188 -0.056
46.250 -0.075
46.562 -0.069
46.250 -0.075
46.250 -0.075
46.562 -0.069
46.875 -0.062
46.250 -0.075
46.562 -0.069
46.250 -0.075
45.938 -0.081
47.188 -0.056
46.250 -0.075
46.250 -0.075
46.562 -0.069
46.250 -0.075
45.938 -0.081
45.625 -0.087
46.875 -0.062
46.562 -0.069
45.625 -0.088
47.188 -0.056
46.562 -0.069
47.188 -0.056
47.188 -0.056
47.500 -0.050
47.500 -0.050
47.188 -0.056
47.500 -0.050
47.500 -0.050
48.750 -0.025
49.375 -0.012
46.875 -0.062
47.812 -0.044
47.500 -0.050
48.438 -0.031
48.750 -0.025
47.188 -0.056
47.188 -0.056
47.812 -0.044
48.438 -0.031
48.125 -0.037
47.500 -0.050
47.500 -0.050
47.188 -0.056
47.500 -0.050
48.125 -0.037
47.812 -0.044
47.188 -0.056
46.562 -0.069
47.812 -0.044
47.812 -0.044
48.438 -0.031
47.188 -0.056
47.188 -0.056
48.125 -0.037
47.500 -0.050
47.812 -0.044
46.875 -0.062
47.188 -0.056
47.500 -0.050
47.500 -0.050
47.500 -0.050
46.562 -0.069
47.812 -0.044
47.812 -0.044
48.750 -0.025
46.875 -0.062
46.562 -0.069
47.812 -0.044
47.500 -0.050
48.750 -0.025
47.500 -0.050
46.562 -0.069
47.500 -0.050
48.125 -0.037
49.688 -0.006
49.688 -0.006
47.812 -0.044
47.500 -0.050
48.125 -0.037
49.375 -0.012
49.062 -0.019
47.500 -0.050
49.062 -0.019
48.438 -0.031
48.125 -0.038
49.688 -0.006
47.812 -0.044
48.750 -0.025
49.062 -0.019
49.062 -0.019
49.375 -0.012
48.438 -0.031
47.188 -0.056
47.812 -0.044
50.313 0.006
49.062 -0.019
49.062 -0.019
46.250 -0.075
48.125 -0.037
49.062 -0.019
47.500 -0.050
49.375 -0.012
48.750 -0.025
47.812 -0.044
48.438 -0.031
48.125 -0.037
48.438 -0.031
49.375 -0.012
50.313 0.006
48.125 -0.037
47.812 -0.044
49.062 -0.019
49.375 -0.012
50.313 0.006
47.500 -0.050
47.500 -0.050
47.188 -0.056
48.125 -0.038
49.062 -0.019
47.500 -0.050
46.250 -0.075
47.812 -0.044
46.562 -0.069
48.125 -0.037
45.938 -0.081
46.250 -0.075
47.812 -0.044
46.250 -0.075
45.625 -0.087
45.625 -0.088
46.250 -0.075
46.875 -0.062
47.188 -0.056
46.250 -0.075
45.312 -0.094
45.000 -0.100
46.875 -0.062
46.562 -0.069
47.188 -0.056
45.938 -0.081
45.312 -0.094
46.250 -0.075
46.562 -0.069
45.938 -0.081
45.625 -0.087
46.562 -0.069
45.625 -0.087
45.000 -0.100
45.625 -0.087
46.250 -0.075
46.875 -0.062
45.000 -0.100
45.000 -0.100
46.250 -0.075
46.875 -0.062
46.250 -0.075
45.938 -0.081
45.312 -0.094
46.562 -0.069
48.125 -0.037
46.875 -0.062
46.875 -0.062
46.875 -0.062
46.562 -0.069
46.562 -0.069
46.250 -0.075
46.562 -0.069
46.250 -0.075
46.562 -0.069
47.188 -0.056
45.938 -0.081
46.250 -0.075
45.625 -0.087
46.562 -0.069
46.250 -0.075
46.250 -0.075
45.625 -0.088
45.938 -0.081
46.250 -0.075
46.875 -0.062
46.562 -0.069
45.000 -0.100
45.625 -0.087
46.875 -0.062
47.500 -0.050
45.625 -0.087
45.625 -0.088
45.625 -0.087
47.188 -0.056
46.875 -0.062
47.188 -0.056
45.312 -0.094
47.188 -0.056
46.562 -0.069
46.250 -0.075
45.000 -0.100
46.562 -0.069
46.875 -0.062
45.625 -0.088
45.938 -0.081
45.938 -0.081
47.812 -0.044
47.812 -0.044
46.250 -0.075
45.938 -0.081
46.250 -0.075
47.188 -0.056
48.438 -0.031
45.625 -0.087
46.562 -0.069
47.188 -0.056
47.188 -0.056
47.812 -0.044
46.250 -0.075
45.938 -0.081
45.938 -0.081
46.562 -0.069
47.500 -0.050
47.500 -0.050
46.875 -0.062
47.500 -0.050
47.812 -0.044
47.188 -0.056
48.438 -0.031
48.125 -0.038
47.500 -0.050
46.562 -0.069
47.500 -0.050
48.750 -0.025
49.062 -0.019
48.750 -0.025
47.188 -0.056
47.188 -0.056
49.375 -0.012
49.062 -0.019
47.812 -0.044
46.875 -0.062
45.938 -0.081
48.750 -0.025
49.062 -0.019
48.750 -0.025
47.500 -0.050
46.875 -0.062
48.125 -0.037
48.438 -0.031
47.188 -0.056
48.125 -0.037
48.125 -0.037
49.062 -0.019
48.438 -0.031
47.812 -0.044
47.500 -0.050
49.688 -0.006
50.000 0.000
49.062 -0.019
46.875 -0.062
47.500 -0.050
49.688 -0.006
52.500 0.050
50.313 0.006
47.812 -0.044
47.500 -0.050
49.688 -0.006
52.188 0.044
50.625 0.012
48.125 -0.038
47.188 -0.056
49.062 -0.019
51.250 0.025
50.938 0.019
48.438 -0.031
46.562 -0.069
47.188 -0.056
49.688 -0.006
49.688 -0.006
48.125 -0.037
48.438 -0.031
48.438 -0.031
49.062 -0.019
48.750 -0.025
49.062 -0.019
48.750 -0.025
48.125 -0.037
50.000 0.000
51.250 0.025
50.938 0.019
48.750 -0.025
49.062 -0.019
50.313 0.006
51.250 0.025
51.250 0.025
50.625 0.013
49.375 -0.013
50.000 0.000
51.875 0.038
51.562 0.031
50.313 0.006
50.000 0.000
51.250 0.025
51.875 0.038
51.250 0.025
50.938 0.019
50.000 0.000
50.000 0.000
50.625 0.012
49.062 -0.019
50.000 0.000
48.750 -0.025
50.000 0.000
50.625 0.012
50.938 0.019
50.313 0.006
48.750 -0.025
49.062 -0.019
50.313 0.006
51.250 0.025
49.688 -0.006
48.750 -0.025
49.688 -0.006
50.625 0.012
49.375 -0.012
48.750 -0.025
48.750 -0.025
50.313 0.006
51.562 0.031
50.000 0.000
48.750 -0.025
49.688 -0.006
50.625 0.012
51.562 0.031
50.313 0.006
50.000 0.000
49.688 -0.006
50.625 0.012
51.250 0.025
50.625 0.012
50.625 0.012
50.313 0.006
48.438 -0.031
49.375 -0.013
49.688 -0.006
49.375 -0.012
51.250 0.025
50.625 0.012
49.062 -0.019
48.438 -0.031
49.375 -0.012
51.875 0.038
52.188 0.044
49.688 -0.006
50.938 0.019
51.562 0.031
52.812 0.056
50.625 0.012
50.625 0.012
51.562 0.031
51.562 0.031
50.313 0.006
50.313 0.006
50.625 0.012
51.875 0.038
52.500 0.050
50.625 0.013
50.000 0.000
51.250 0.025
51.875 0.038
52.188 0.044
51.250 0.025
50.313 0.006
50.000 0.000
50.625 0.012
52.188 0.044
51.250 0.025
49.688 -0.006
50.313 0.006
50.313 0.006
51.562 0.031
53.438 0.069
51.875 0.038
49.688 -0.006
48.750 -0.025
50.000 0.000
51.250 0.025
52.500 0.050
50.625 0.012
49.688 -0.006
49.375 -0.012
51.250 0.025
51.875 0.038
50.313 0.006
49.375 -0.013
49.375 -0.012
50.625 0.012
52.188 0.044
50.938 0.019
49.688 -0.006
49.062 -0.019
49.062 -0.019
49.062 -0.019
49.375 -0.013
49.375 -0.012
50.000 0.000
49.375 -0.012
49.688 -0.006
50.313 0.006
50.313 0.006
50.000 0.000
51.250 0.025
49.688 -0.006
51.562 0.031
51.250 0.025
49.688 -0.006
50.625 0.012
50.625 0.012
50.938 0.019
51.562 0.031
50.625 0.012
50.625 0.013
50.625 0.012
51.250 0.025
51.875 0.038
50.938 0.019
49.062 -0.019
49.688 -0.006
51.562 0.031
51.562 0.031
50.625 0.012
49.688 -0.006
50.625 0.012
50.000 0.000
50.313 0.006
50.938 0.019
50.000 0.000
50.313 0.006
50.938 0.019
50.313 0.006
50.625 0.012
50.313 0.006
50.938 0.019
51.562 0.031
49.688 -0.006
52.188 0.044
50.625 0.012
51.875 0.038
51.562 0.031
51.875 0.038
50.625 0.012
50.938 0.019
50.938 0.019
50.625 0.012
51.875 0.038
51.250 0.025
50.938 0.019
50.625 0.012
51.562 0.031
52.188 0.044
50.625 0.012
50.938 0.019
51.875 0.038
51.875 0.038
51.562 0.031
51.875 0.038
52.188 0.044
52.188 0.044
52.188 0.044
51.875 0.038
50.938 0.019
50.938 0.019
52.500 0.050
54.062 0.081
52.500 0.050
52.500 0.050
50.938 0.019
51.875 0.038
52.812 0.056
52.812 0.056
53.125 0.062
52.188 0.044
51.250 0.025
53.125 0.062
51.875 0.038
53.125 0.062
52.500 0.050
52.188 0.044
51.875 0.038
51.875 0.038
53.438 0.069
52.500 0.050
53.125 0.062
52.500 0.050
51.875 0.038
53.125 0.062
54.375 0.087
53.125 0.062
52.812 0.056
52.812 0.056
53.438 0.069
53.438 0.069
52.812 0.056
52.812 0.056
54.062 0.081
54.688 0.094
53.750 0.075
54.375 0.087
54.688 0.094
54.375 0.087
53.750 0.075
53.438 0.069
54.688 0.094
54.688 0.094
55.000 0.100
53.750 0.075
53.125 0.062
53.750 0.075
54.375 0.087
53.438 0.069
55.000 0.100
53.438 0.069
53.750 0.075
54.375 0.087
54.375 0.087
55.312 0.106
54.688 0.094
53.438 0.069
55.000 0.100
55.312 0.106
55.000 0.100
54.688 0.094
54.062 0.081
55.312 0.106
55.312 0.106
55.000 0.100
54.688 0.094
54.688 0.094
55.000 0.100
56.250 0.125
55.312 0.106
55.000 0.100
55.000 0.100
56.250 0.125
55.000 0.100
55.000 0.100
55.312 0.106
55.625 0.112
55.625 0.113
55.312 0.106
54.688 0.094
55.000 0.100
54.688 0.094
55.625 0.112
56.250 0.125
56.250 0.125
56.250 0.125
54.375 0.087
55.937 0.119
56.563 0.131
56.250 0.125
55.937 0.119
55.000 0.100
55.625 0.113
55.312 0.106
55.625 0.113
56.563 0.131
57.188 0.144
56.250 0.125
55.625 0.112
55.000 0.100
57.500 0.150
57.812 0.156
59.062 0.181
56.250 0.125
54.375 0.087
56.563 0.131
57.812 0.156
58.750 0.175
57.188 0.144
56.875 0.137
56.250 0.125
58.438 0.169
58.438 0.169
57.188 0.144
57.500 0.150
58.438 0.169
58.438 0.169
58.750 0.175
58.125 0.163
56.563 0.131
58.438 0.169
59.062 0.181
60.625 0.212
59.375 0.188
56.563 0.131
57.812 0.156
59.375 0.188
60.312 0.206
58.750 0.175
57.500 0.150
58.125 0.163
60.312 0.206
60.000 0.200
60.000 0.200
57.812 0.156
57.812 0.156
60.938 0.219
60.625 0.212
58.750 0.175
58.750 0.175
59.062 0.181
60.000 0.200
58.438 0.169
58.438 0.169
59.688 0.194
59.688 0.194
59.688 0.194
59.062 0.181
59.062 0.181
59.062 0.181
61.250 0.225
59.688 0.194
59.688 0.194
58.125 0.163
59.062 0.181
60.625 0.212
59.688 0.194
59.062 0.181
58.438 0.169
60.000 0.200
60.000 0.200
60.938 0.219
58.125 0.163
57.812 0.156
60.000 0.200
60.000 0.200
59.688 0.194
59.688 0.194
58.438 0.169
59.062 0.181
60.625 0.212
60.000 0.200
59.375 0.188
60.938 0.219
60.312 0.206
61.250 0.225
60.938 0.219
59.062 0.181
60.000 0.200
61.250 0.225
60.938 0.219
60.625 0.212
59.688 0.194
59.062 0.181
60.938 0.219
60.938 0.219
59.688 0.194
61.250 0.225
60.625 0.212
61.562 0.231
61.562 0.231
61.562 0.231
61.875 0.237
61.562 0.231
61.875 0.238
62.187 0.244
64.062 0.281
62.500 0.250
61.562 0.231
62.813 0.256
63.125 0.262
64.688 0.294
62.187 0.244
61.875 0.237
62.813 0.256
63.125 0.262
64.062 0.281
62.813 0.256
61.562 0.231
63.750 0.275
64.062 0.281
65.312 0.306
63.125 0.263
62.813 0.256
63.125 0.263
64.688 0.294
64.375 0.288
63.750 0.275
62.500 0.250
63.125 0.263
64.688 0.294
64.375 0.288
63.750 0.275
63.750 0.275
63.125 0.262
63.125 0.262
64.375 0.288
64.375 0.288
64.688 0.294
64.062 0.281
64.688 0.294
64.062 0.281
64.062 0.281
63.125 0.262
64.062 0.281
64.375 0.288
65.312 0.306
64.688 0.294
63.125 0.262
64.375 0.288
66.250 0.325
65.625 0.312
64.688 0.294
64.062 0.281
64.688 0.294
65.312 0.306
65.000 0.300
64.062 0.281
63.438 0.269
64.688 0.294
64.688 0.294
66.250 0.325
65.625 0.312
63.750 0.275
65.625 0.312
65.625 0.312
66.250 0.325
65.312 0.306
64.062 0.281
64.375 0.288
65.312 0.306
65.938 0.319
64.062 0.281
63.750 0.275
64.688 0.294
65.000 0.300
65.000 0.300
63.438 0.269
63.750 0.275
66.875 0.337
65.625 0.312
63.750 0.275
63.438 0.269
62.813 0.256
64.375 0.288
65.625 0.312
65.625 0.312
63.125 0.262
64.688 0.294
67.812 0.356
67.188 0.344
65.625 0.312
64.688 0.294
65.938 0.319
68.438 0.369
67.188 0.344
66.875 0.337
66.562 0.331
67.812 0.356
68.750 0.375
68.750 0.375
67.188 0.344
66.875 0.337
69.062 0.381
68.750 0.375
68.750 0.375
67.500 0.350
68.125 0.362
68.125 0.363
69.062 0.381
69.062 0.381
68.750 0.375
69.688 0.394
70.000 0.400
69.062 0.381
69.375 0.388
70.000 0.400
70.312 0.406
70.938 0.419
70.000 0.400
70.625 0.413
70.312 0.406
70.625 0.413
71.250 0.425
71.562 0.431
70.938 0.419
70.625 0.413
72.500 0.450
72.500 0.450
72.500 0.450
72.188 0.444
72.188 0.444
72.812 0.456
71.562 0.431
71.875 0.438
71.875 0.438
71.875 0.438
71.250 0.425
73.125 0.462
72.812 0.456
71.250 0.425
71.250 0.425
70.938 0.419
73.125 0.462
73.438 0.469
73.125 0.462
71.562 0.431
72.188 0.444
72.188 0.444
74.688 0.494
74.062 0.481
73.750 0.475
71.875 0.438
71.250 0.425
72.500 0.450
72.500 0.450
73.125 0.462
72.500 0.450
71.562 0.431
72.500 0.450
72.500 0.450
73.438 0.469
73.438 0.469
73.750 0.475
74.062 0.481
72.812 0.456
73.438 0.469
74.062 0.481
75.312 0.506
73.750 0.475
71.875 0.438
74.062 0.481
74.375 0.488
74.062 0.481
72.812 0.456
73.438 0.469
74.375 0.487
74.375 0.488
73.438 0.469
71.875 0.438
74.688 0.494
74.062 0.481
74.062 0.481
73.750 0.475
74.062 0.481
73.438 0.469
74.062 0.481
74.375 0.488
75.312 0.506
74.062 0.481
74.062 0.481
75.625 0.513
74.688 0.494
73.438 0.469
73.438 0.469
75.312 0.506
75.625 0.512
75.000 0.500
75.312 0.506
75.938 0.519
75.000 0.500
75.000 0.500
75.625 0.513
75.938 0.519
77.812 0.556
75.938 0.519
74.062 0.481
75.938 0.519
77.812 0.556
78.125 0.562
77.188 0.544
75.625 0.513
76.875 0.538
78.438 0.569
78.125 0.562
77.812 0.556
76.875 0.538
78.125 0.562
79.062 0.581
79.062 0.581
78.750 0.575
78.438 0.569
80.312 0.606
79.375 0.587
80.938 0.619
78.750 0.575
79.375 0.587
80.312 0.606
81.250 0.625
80.000 0.600
79.688 0.594
80.000 0.600
80.000 0.600
81.250 0.625
80.625 0.613
81.875 0.637
81.250 0.625
80.312 0.606
81.250 0.625
81.562 0.631
82.188 0.644
81.250 0.625
80.938 0.619
80.938 0.619
81.875 0.637
82.500 0.650
82.188 0.644
80.938 0.619
81.562 0.631
82.500 0.650
83.125 0.663
83.125 0.663
81.562 0.631
82.188 0.644
82.500 0.650
83.125 0.663
82.188 0.644
83.750 0.675
84.375 0.688
83.125 0.663
82.500 0.650
82.812 0.656
83.125 0.663
84.062 0.681
83.750 0.675
82.500 0.650
82.188 0.644
83.438 0.669
83.125 0.663
84.062 0.681
82.812 0.656
83.125 0.663
84.062 0.681
83.125 0.663
84.062 0.681
83.438 0.669
81.875 0.637
82.812 0.656
82.812 0.656
84.062 0.681
83.438 0.669
81.875 0.637
83.125 0.663
84.062 0.681
84.688 0.694
84.375 0.688
83.125 0.663
85.000 0.700
85.312 0.706
84.062 0.681
83.438 0.669
83.438 0.669
83.750 0.675
85.312 0.706
84.688 0.694
85.625 0.712
83.438 0.669
83.438 0.669
84.375 0.688
85.000 0.700
84.375 0.688
84.688 0.694
84.375 0.688
85.000 0.700
85.625 0.712
85.938 0.719
85.312 0.706
84.688 0.694
84.062 0.681
85.000 0.700
86.250 0.725
86.562 0.731
84.062 0.681
85.000 0.700
84.688 0.694
86.875 0.738
86.875 0.738
85.312 0.706
84.375 0.688
86.250 0.725
86.875 0.737
86.875 0.738
85.625 0.712
84.375 0.688
87.188 0.744
86.562 0.731
86.250 0.725
86.562 0.731
85.312 0.706
86.250 0.725
86.875 0.737
87.188 0.744
86.875 0.738
87.500 0.750
86.562 0.731
87.188 0.744
86.562 0.731
87.188 0.744
87.188 0.744
86.250 0.725
86.875 0.738
87.500 0.750
86.250 0.725
86.250 0.725
86.250 0.725
87.188 0.744
87.812 0.756
86.250 0.725
86.250 0.725
86.562 0.731
87.188 0.744
87.500 0.750
86.562 0.731
85.625 0.712
85.938 0.719
87.188 0.744
86.250 0.725
85.312 0.706
85.625 0.712
85.625 0.712
86.250 0.725
85.938 0.719
85.625 0.712
85.312 0.706
85.625 0.712
86.250 0.725
85.000 0.700
83.750 0.675
84.375 0.688
85.938 0.719
85.625 0.712
85.000 0.700
84.375 0.688
86.562 0.731
85.938 0.719
85.000 0.700
85.000 0.700
85.625 0.712
85.312 0.706
85.312 0.706
85.625 0.712
85.938 0.719
85.312 0.706
84.375 0.688
84.375 0.688
84.062 0.681
83.750 0.675
85.000 0.700
84.688 0.694
85.312 0.706
84.375 0.688
83.750 0.675
83.750 0.675
84.062 0.681
84.688 0.694
84.062 0.681
82.812 0.656
81.875 0.638
83.750 0.675
84.062 0.681
84.062 0.681
83.438 0.669
82.812 0.656
83.750 0.675
84.688 0.694
84.375 0.688
83.125 0.663
83.438 0.669
84.062 0.681
84.688 0.694
85.312 0.706
84.375 0.688
84.375 0.688
84.062 0.681
84.375 0.688
83.750 0.675
83.438 0.669
84.375 0.688
84.062 0.681
84.375 0.688
84.062 0.681
83.125 0.663
84.062 0.681
83.750 0.675
84.062 0.681
84.375 0.688
83.750 0.675
83.125 0.663
83.438 0.669
84.375 0.688
84.062 0.681
84.375 0.688
83.750 0.675
83.438 0.669
83.438 0.669
84.062 0.681
84.062 0.681
84.688 0.694
83.750 0.675
83.125 0.663
85.000 0.700
84.062 0.681
84.688 0.694
84.375 0.688
84.375 0.688
84.375 0.688
83.438 0.669
83.750 0.675
85.000 0.700
84.688 0.694
84.375 0.688
84.688 0.694
84.062 0.681
84.688 0.694
85.000 0.700
84.375 0.688
83.750 0.675
85.312 0.706
85.000 0.700
85.312 0.706
83.750 0.675
84.688 0.694
83.750 0.675
85.938 0.719
84.688 0.694
84.375 0.688
85.312 0.706
84.688 0.694
84.688 0.694
85.000 0.700
84.375 0.688
85.312 0.706
84.688 0.694
84.062 0.681
84.062 0.681
83.750 0.675
85.625 0.712
84.688 0.694
84.688 0.694
84.375 0.688
84.688 0.694
84.375 0.688
84.062 0.681
85.000 0.700
85.312 0.706
84.062 0.681
83.750 0.675
84.062 0.681
85.625 0.712
85.312 0.706
83.438 0.669
84.375 0.688
85.000 0.700
85.000 0.700
85.000 0.700
82.500 0.650
83.750 0.675
85.000 0.700
83.750 0.675
83.750 0.675
82.188 0.644
84.062 0.681
84.375 0.688
84.062 0.681
83.125 0.663
82.500 0.650
83.125 0.663
83.750 0.675
84.062 0.681
83.125 0.663
83.750 0.675
83.438 0.669
83.438 0.669
84.062 0.681
83.438 0.669
83.125 0.663
83.750 0.675
83.438 0.669
84.062 0.681
84.375 0.688
84.062 0.681
83.438 0.669
83.438 0.669
82.500 0.650
84.062 0.681
84.375 0.688
83.750 0.675
83.750 0.675
82.188 0.644
84.062 0.681
84.688 0.694
84.688 0.694
84.062 0.681
83.125 0.663
82.500 0.650
82.812 0.656
84.062 0.681
84.062 0.681
82.500 0.650
82.188 0.644
82.500 0.650
83.750 0.675
84.375 0.688
81.875 0.637
82.188 0.644
82.812 0.656
83.125 0.663
83.750 0.675
82.500 0.650
81.562 0.631
80.625 0.613
81.875 0.637
82.500 0.650
82.188 0.644
81.562 0.631
80.000 0.600
81.250 0.625
82.500 0.650
81.875 0.638
81.875 0.638
80.625 0.613
81.562 0.631
81.250 0.625
80.938 0.619
81.562 0.631
79.375 0.587
81.562 0.631
80.938 0.619
80.312 0.606
80.000 0.600
79.688 0.594
81.250 0.625
80.312 0.606
80.625 0.612
79.688 0.594
78.125 0.562
80.625 0.613
79.375 0.587
80.938 0.619
80.000 0.600
78.438 0.569
81.250 0.625
80.000 0.600
79.688 0.594
79.688 0.594
80.625 0.612
80.312 0.606
79.375 0.587
78.750 0.575
78.750 0.575
80.625 0.612
80.312 0.606
80.000 0.600
79.688 0.594
80.938 0.619
82.500 0.650
81.875 0.638
80.625 0.613
80.000 0.600
81.562 0.631
81.875 0.637
81.250 0.625
81.250 0.625
80.000 0.600
79.688 0.594
80.938 0.619
80.625 0.612
80.312 0.606
80.312 0.606
79.688 0.594
80.312 0.606
80.000 0.600
80.312 0.606
80.000 0.600
78.750 0.575
80.000 0.600
79.062 0.581
79.375 0.587
79.688 0.594
79.062 0.581
80.000 0.600
78.125 0.562
79.375 0.587
80.000 0.600
80.000 0.600
78.750 0.575
78.438 0.569
79.062 0.581
80.312 0.606
80.938 0.619
78.750 0.575
78.750 0.575
79.375 0.587
80.938 0.619
79.688 0.594
78.750 0.575
78.750 0.575
79.062 0.581
80.938 0.619
80.000 0.600
78.750 0.575
79.375 0.587
77.500 0.550
80.625 0.613
79.375 0.587
79.062 0.581
79.062 0.581
78.438 0.569
80.312 0.606
79.688 0.594
79.375 0.587
79.062 0.581
78.125 0.562
80.000 0.600
79.688 0.594
79.375 0.587
77.500 0.550
78.125 0.562
79.062 0.581
78.750 0.575
79.375 0.587
77.812 0.556
78.750 0.575
78.438 0.569
78.750 0.575
79.062 0.581
77.812 0.556
78.750 0.575
78.438 0.569
79.062 0.581
78.750 0.575
79.062 0.581
78.750 0.575
79.375 0.587
78.438 0.569
78.438 0.569
78.750 0.575
78.750 0.575
79.062 0.581
77.812 0.556
78.750 0.575
79.375 0.587
80.000 0.600
78.750 0.575
79.062 0.581
78.438 0.569
78.125 0.562
77.812 0.556
78.750 0.575
78.125 0.562
79.375 0.587
78.125 0.562
79.062 0.581
78.750 0.575
79.062 0.581
80.312 0.606
79.375 0.587
79.375 0.587
79.062 0.581
79.688 0.594
78.750 0.575
78.750 0.575
78.750 0.575
78.125 0.562
78.438 0.569
79.688 0.594
79.062 0.581
77.812 0.556
78.125 0.562
79.062 0.581
80.000 0.600
79.375 0.587
78.125 0.562
78.438 0.569
79.062 0.581
80.312 0.606
79.062 0.581
78.750 0.575
78.125 0.562
79.062 0.581
80.000 0.600
78.125 0.562
77.812 0.556
78.750 0.575
79.062 0.581
79.062 0.581
78.438 0.569
77.500 0.550
76.875 0.538
77.812 0.556
78.750 0.575
78.438 0.569
77.500 0.550
78.750 0.575
78.750 0.575
79.375 0.587
78.750 0.575
78.125 0.562
79.688 0.594
80.000 0.600
79.062 0.581
79.062 0.581
79.375 0.587
79.062 0.581
79.688 0.594
77.188 0.544
77.812 0.556
78.438 0.569
80.312 0.606
79.062 0.581
78.125 0.562
78.750 0.575
78.750 0.575
80.000 0.600
80.000 0.600
78.750 0.575
78.438 0.569
79.375 0.587
79.688 0.594
80.000 0.600
79.688 0.594
79.375 0.587
78.438 0.569
78.750 0.575
79.375 0.587
80.000 0.600
78.750 0.575
78.438 0.569
78.438 0.569
80.000 0.600
78.750 0.575
78.438 0.569
78.125 0.562
78.750 0.575
79.375 0.587
79.062 0.581
78.125 0.562
77.500 0.550
78.750 0.575
79.688 0.594
79.062 0.581
78.750 0.575
78.750 0.575
78.750 0.575
78.438 0.569
77.500 0.550
78.438 0.569
78.750 0.575
79.062 0.581
79.375 0.587
77.812 0.556
77.188 0.544
79.375 0.587
79.375 0.587
78.750 0.575
77.500 0.550
78.125 0.562
79.062 0.581
79.062 0.581
78.125 0.562
78.438 0.569
77.812 0.556
79.688 0.594
79.688 0.594
77.812 0.556
77.500 0.550
78.438 0.569
79.688 0.594
79.375 0.587
79.062 0.581
78.438 0.569
78.750 0.575
80.000 0.600
79.688 0.594
78.438 0.569
77.812 0.556
78.750 0.575
79.375 0.587
78.750 0.575
78.750 0.575
78.438 0.569
78.750 0.575
79.062 0.581
77.500 0.550
78.125 0.562
78.438 0.569
78.750 0.575
79.062 0.581
78.438 0.569
79.062 0.581
78.438 0.569
77.812 0.556
78.750 0.575
78.438 0.569
79.062 0.581
78.750 0.575
78.438 0.569
79.062 0.581
80.938 0.619
79.062 0.581
80.000 0.600
78.125 0.562
78.750 0.575
80.000 0.600
80.312 0.606
79.062 0.581
77.812 0.556
79.375 0.587
78.750 0.575
79.375 0.587
78.125 0.562
78.438 0.569
79.375 0.587
79.062 0.581
80.000 0.600
77.812 0.556
78.438 0.569
78.125 0.562
78.438 0.569
79.688 0.594
79.375 0.587
78.125 0.562
76.875 0.538
77.812 0.556
77.812 0.556
78.750 0.575
78.125 0.562
76.875 0.538
77.812 0.556
78.125 0.562
77.812 0.556
78.125 0.562
76.875 0.538
77.812 0.556
77.812 0.556
78.750 0.575
78.438 0.569
78.125 0.562
78.750 0.575
76.875 0.538
77.812 0.556
77.500 0.550
78.750 0.575
77.812 0.556
77.188 0.544
77.188 0.544
78.750 0.575
78.438 0.569
78.438 0.569
77.812 0.556
78.750 0.575
79.375 0.587
78.438 0.569
77.812 0.556
78.750 0.575
79.375 0.587
78.438 0.569
78.125 0.562
78.750 0.575
79.062 0.581
