# Accuracy (%) - Kappa coefficient
52.500 0.050
52.812 0.056
52.812 0.056
52.500 0.050
54.062 0.081
52.188 0.044
53.125 0.062
52.812 0.056
53.750 0.075
54.375 0.087
54.062 0.081
53.438 0.069
52.812 0.056
53.750 0.075
52.500 0.050
53.125 0.062
54.375 0.088
54.688 0.094
54.062 0.081
53.125 0.062
52.188 0.044
52.500 0.050
53.750 0.075
53.438 0.069
54.062 0.081
52.500 0.050
52.500 0.050
53.125 0.062
52.812 0.056
51.250 0.025
53.750 0.075
54.062 0.081
53.750 0.075
52.812 0.056
52.188 0.044
53.438 0.069
53.125 0.062
53.438 0.069
54.375 0.087
53.750 0.075
53.750 0.075
53.750 0.075
54.062 0.081
53.750 0.075
54.375 0.087
54.688 0.094
54.062 0.081
53.750 0.075
52.500 0.050
53.750 0.075
53.438 0.069
53.125 0.062
54.062 0.081
53.750 0.075
53.750 0.075
54.688 0.094
54.688 0.094
54.062 0.081
53.125 0.062
53.438 0.069
53.125 0.062
54.062 0.081
54.062 0.081
53.750 0.075
53.125 0.062
52.188 0.044
52.500 0.050
53.438 0.069
53.750 0.075
53.438 0.069
54.688 0.094
54.062 0.081
54.375 0.088
54.375 0.087
52.188 0.044
52.188 0.044
54.688 0.094
54.375 0.088
53.750 0.075
54.062 0.081
52.812 0.056
52.188 0.044
52.188 0.044
52.500 0.050
50.938 0.019
51.250 0.025
51.562 0.031
52.812 0.056
52.188 0.044
52.188 0.044
51.875 0.038
51.875 0.037
51.875 0.038
52.188 0.044
51.250 0.025
51.562 0.031
52.188 0.044
51.250 0.025
52.188 0.044
51.875 0.038
52.188 0.044
53.125 0.062
51.875 0.037
51.250 0.025
50.625 0.012
51.250 0.025
51.562 0.031
51.562 0.031
51.562 0.031
50.938 0.019
50.938 0.019
50.938 0.019
51.562 0.031
52.188 0.044
51.250 0.025
51.250 0.025
50.625 0.012
51.250 0.025
51.250 0.025
49.688 -0.006
48.438 -0.031
50.000 0.000
51.250 0.025
51.250 0.025
51.562 0.031
49.688 -0.006
51.250 0.025
51.875 0.038
50.313 0.006
50.313 0.006
50.313 0.006
49.688 -0.006
49.062 -0.019
50.000 0.000
51.250 0.025
50.938 0.019
50.000 0.000
51.250 0.025
50.938 0.019
50.938 0.019
49.375 -0.012
50.625 0.012
50.313 0.006
49.375 -0.012
50.625 0.012
51.875 0.038
51.250 0.025
50.313 0.006
50.625 0.012
49.375 -0.012
50.625 0.012
51.250 0.025
50.313 0.006
50.313 0.006
51.250 0.025
50.313 0.006
50.313 0.006
51.250 0.025
50.938 0.019
50.000 0.000
49.688 -0.006
50.000 0.000
51.250 0.025
50.938 0.019
51.250 0.025
51.562 0.031
50.938 0.019
50.313 0.006
50.000 0.000
49.375 -0.012
49.375 -0.012
50.938 0.019
50.625 0.012
50.313 0.006
50.000 0.000
49.375 -0.012
49.688 -0.006
50.000 0.000
50.313 0.006
49.375 -0.012
49.375 -0.012
49.062 -0.019
47.812 -0.044
48.750 -0.025
48.750 -0.025
49.062 -0.019
50.000 0.000
48.750 -0.025
48.750 -0.025
48.438 -0.031
48.750 -0.025
49.688 -0.006
48.750 -0.025
49.375 -0.013
50.000 0.000
49.375 -0.012
48.438 -0.031
47.812 -0.044
47.812 -0.044
47.812 -0.044
49.688 -0.006
48.750 -0.025
49.688 -0.006
49.062 -0.019
49.375 -0.012
48.750 -0.025
49.688 -0.006
49.062 -0.019
49.375 -0.013
51.250 0.025
48.750 -0.025
49.062 -0.019
48.750 -0.025
47.812 -0.044
48.438 -0.031
49.375 -0.013
49.375 -0.012
48.750 -0.025
49.375 -0.012
50.000 0.000
50.000 0.000
48.438 -0.031
48.125 -0.037
49.062 -0.019
49.062 -0.019
48.750 -0.025
49.062 -0.019
48.438 -0.031
49.375 -0.013
50.000 0.000
50.313 0.006
49.062 -0.019
48.125 -0.037
49.375 -0.012
49.062 -0.019
49.688 -0.006
50.313 0.006
48.750 -0.025
49.688 -0.006
49.062 -0.019
50.000 0.000
49.688 -0.006
48.750 -0.025
48.750 -0.025
49.375 -0.012
49.688 -0.006
50.313 0.006
48.125 -0.038
50.000 0.000
48.438 -0.031
48.750 -0.025
48.750 -0.025
48.125 -0.037
49.062 -0.019
49.062 -0.019
49.062 -0.019
47.500 -0.050
46.875 -0.062
47.188 -0.056
49.062 -0.019
48.125 -0.037
47.500 -0.050
48.438 -0.031
48.438 -0.031
47.500 -0.050
47.188 -0.056
48.438 -0.031
47.812 -0.044
47.500 -0.050
47.188 -0.056
48.125 -0.037
49.375 -0.012
48.438 -0.031
48.438 -0.031
48.438 -0.031
48.125 -0.037
47.188 -0.056
48.750 -0.025
48.438 -0.031
48.125 -0.037
47.500 -0.050
48.125 -0.038
46.250 -0.075
48.125 -0.037
48.125 -0.038
47.812 -0.044
47.812 -0.044
48.125 -0.037
46.562 -0.069
47.500 -0.050
47.188 -0.056
48.750 -0.025
47.812 -0.044
48.438 -0.031
47.188 -0.056
47.812 -0.044
47.500 -0.050
47.500 -0.050
46.562 -0.069
47.500 -0.050
48.750 -0.025
48.750 -0.025
47.500 -0.050
47.812 -0.044
47.812 -0.044
48.438 -0.031
48.438 -0.031
48.125 -0.038
46.562 -0.069
47.812 -0.044
49.062 -0.019
48.750 -0.025
48.750 -0.025
48.438 -0.031
46.250 -0.075
46.562 -0.069
47.188 -0.056
47.812 -0.044
48.125 -0.038
47.812 -0.044
46.875 -0.062
47.188 -0.056
46.562 -0.069
46.562 -0.069
47.188 -0.056
48.125 -0.037
47.812 -0.044
47.500 -0.050
48.750 -0.025
47.812 -0.044
47.188 -0.056
46.562 -0.069
46.875 -0.062
46.250 -0.075
45.625 -0.088
47.812 -0.044
47.500 -0.050
47.812 -0.044
46.562 -0.069
47.500 -0.050
47.500 -0.050
47.500 -0.050
47.188 -0.056
47.188 -0.056
48.750 -0.025
48.750 -0.025
49.375 -0.012
46.875 -0.062
46.875 -0.062
46.250 -0.075
45.625 -0.088
47.188 -0.056
46.250 -0.075
46.562 -0.069
47.188 -0.056
45.938 -0.081
46.562 -0.069
46.250 -0.075
47.188 -0.056
46.562 -0.069
46.562 -0.069
46.562 -0.069
47.188 -0.056
47.500 -0.050
48.438 -0.031
46.562 -0.069
46.875 -0.062
46.875 -0.062
45.938 -0.081
45.938 -0.081
47.188 -0.056
47.812 -0.044
48.438 -0.031
48.438 -0.031
47.188 -0.056
48.125 -0.037
49.375 -0.012
48.125 -0.037
46.875 -0.062
47.188 -0.056
46.562 -0.069
47.500 -0.050
48.438 -0.031
48.750 -0.025
47.812 -0.044
48.125 -0.037
48.438 -0.031
47.500 -0.050
46.562 -0.069
48.125 -0.037
49.375 -0.012
48.438 -0.031
48.750 -0.025
47.500 -0.050
48.125 -0.037
47.188 -0.056
47.500 -0.050
47.500 -0.050
47.812 -0.044
48.125 -0.037
49.375 -0.012
49.688 -0.006
48.750 -0.025
48.750 -0.025
48.750 -0.025
49.062 -0.019
49.062 -0.019
49.688 -0.006
47.812 -0.044
47.812 -0.044
48.125 -0.037
49.688 -0.006
48.125 -0.037
47.812 -0.044
48.125 -0.038
49.062 -0.019
50.313 0.006
50.000 0.000
48.750 -0.025
48.125 -0.037
47.812 -0.044
50.625 0.012
49.062 -0.019
48.438 -0.031
47.188 -0.056
48.438 -0.031
49.375 -0.012
49.688 -0.006
49.062 -0.019
48.438 -0.031
49.062 -0.019
49.688 -0.006
48.438 -0.031
47.812 -0.044
47.188 -0.056
46.562 -0.069
48.125 -0.037
49.062 -0.019
49.688 -0.006
48.750 -0.025
48.750 -0.025
46.562 -0.069
47.500 -0.050
48.750 -0.025
49.062 -0.019
48.125 -0.038
49.375 -0.012
48.438 -0.031
50.000 0.000
49.688 -0.006
48.438 -0.031
47.812 -0.044
47.188 -0.056
49.062 -0.019
50.625 0.012
49.062 -0.019
49.062 -0.019
49.062 -0.019
48.438 -0.031
49.375 -0.012
48.438 -0.031
46.562 -0.069
48.125 -0.037
51.562 0.031
50.938 0.019
50.625 0.012
50.000 0.000
48.125 -0.037
48.438 -0.031
48.750 -0.025
48.438 -0.031
49.375 -0.012
50.313 0.006
49.062 -0.019
50.000 0.000
48.750 -0.025
49.375 -0.012
49.062 -0.019
49.688 -0.006
48.750 -0.025
48.125 -0.037
47.812 -0.044
50.000 0.000
49.688 -0.006
50.000 0.000
49.375 -0.012
49.375 -0.012
47.500 -0.050
50.000 0.000
50.313 0.006
50.000 0.000
49.062 -0.019
48.125 -0.037
48.438 -0.031
50.313 0.006
50.625 0.012
51.875 0.038
50.000 0.000
50.313 0.006
48.438 -0.031
48.438 -0.031
49.062 -0.019
50.313 0.006
49.688 -0.006
49.062 -0.019
49.375 -0.013
48.438 -0.031
47.812 -0.044
48.438 -0.031
49.375 -0.013
49.375 -0.013
50.000 0.000
50.000 0.000
50.938 0.019
49.688 -0.006
48.438 -0.031
49.688 -0.006
50.313 0.006
48.750 -0.025
50.000 0.000
50.313 0.006
48.438 -0.031
48.750 -0.025
48.438 -0.031
48.438 -0.031
49.375 -0.012
50.313 0.006
50.938 0.019
50.625 0.012
49.688 -0.006
50.313 0.006
50.938 0.019
50.625 0.012
47.812 -0.044
47.812 -0.044
49.062 -0.019
47.812 -0.044
49.062 -0.019
49.062 -0.019
50.000 0.000
50.000 0.000
49.688 -0.006
50.000 0.000
50.000 0.000
49.375 -0.012
49.375 -0.013
49.688 -0.006
49.688 -0.006
49.062 -0.019
48.750 -0.025
50.625 0.012
49.688 -0.006
49.688 -0.006
49.688 -0.006
49.062 -0.019
48.438 -0.031
48.125 -0.037
49.062 -0.019
50.625 0.012
50.313 0.006
49.688 -0.006
51.250 0.025
50.625 0.012
50.313 0.006
48.750 -0.025
50.625 0.012
51.250 0.025
50.938 0.019
50.938 0.019
50.313 0.006
49.375 -0.012
49.688 -0.006
50.000 0.000
50.313 0.006
50.625 0.013
50.625 0.012
50.000 0.000
50.625 0.012
50.000 0.000
50.000 0.000
50.313 0.006
52.500 0.050
50.313 0.006
49.375 -0.013
50.313 0.006
51.562 0.031
50.313 0.006
49.688 -0.006
49.688 -0.006
47.812 -0.044
49.062 -0.019
50.000 0.000
50.000 0.000
50.313 0.006
49.375 -0.013
50.000 0.000
49.062 -0.019
50.000 0.000
49.375 -0.012
50.313 0.006
50.313 0.006
49.688 -0.006
48.438 -0.031
48.750 -0.025
49.375 -0.013
48.438 -0.031
50.000 0.000
49.062 -0.019
49.062 -0.019
48.125 -0.038
47.812 -0.044
48.438 -0.031
50.000 0.000
48.750 -0.025
48.438 -0.031
46.875 -0.062
46.875 -0.062
48.125 -0.037
47.188 -0.056
47.188 -0.056
48.750 -0.025
48.125 -0.038
48.438 -0.031
50.313 0.006
48.750 -0.025
47.812 -0.044
46.875 -0.062
47.812 -0.044
49.062 -0.019
47.188 -0.056
48.125 -0.037
49.375 -0.012
48.750 -0.025
49.375 -0.012
48.438 -0.031
47.812 -0.044
46.875 -0.062
47.188 -0.056
47.812 -0.044
46.250 -0.075
49.375 -0.012
48.438 -0.031
49.375 -0.012
49.688 -0.006
48.125 -0.038
48.438 -0.031
47.812 -0.044
48.125 -0.037
47.500 -0.050
48.125 -0.038
48.750 -0.025
48.750 -0.025
47.188 -0.056
47.188 -0.056
46.875 -0.062
46.562 -0.069
46.250 -0.075
47.812 -0.044
47.188 -0.056
48.750 -0.025
46.875 -0.062
47.500 -0.050
46.562 -0.069
47.500 -0.050
45.938 -0.081
46.562 -0.069
47.812 -0.044
47.188 -0.056
46.875 -0.062
46.250 -0.075
46.562 -0.069
46.250 -0.075
46.875 -0.062
48.125 -0.038
48.125 -0.037
47.188 -0.056
46.875 -0.062
46.250 -0.075
48.125 -0.037
47.500 -0.050
47.812 -0.044
47.500 -0.050
47.500 -0.050
46.562 -0.069
46.875 -0.062
48.125 -0.037
47.812 -0.044
47.812 -0.044
47.188 -0.056
46.562 -0.069
46.562 -0.069
47.812 -0.044
47.188 -0.056
47.812 -0.044
48.125 -0.037
48.125 -0.037
47.188 -0.056
46.875 -0.062
46.875 -0.062
46.562 -0.069
45.312 -0.094
45.938 -0.081
46.875 -0.062
47.188 -0.056
47.188 -0.056
46.562 -0.069
47.500 -0.050
47.500 -0.050
47.500 -0.050
47.188 -0.056
46.875 -0.062
47.188 -0.056
47.500 -0.050
46.875 -0.062
46.562 -0.069
45.938 -0.081
47.812 -0.044
47.500 -0.050
46.250 -0.075
46.250 -0.075
46.250 -0.075
47.188 -0.056
48.125 -0.037
46.250 -0.075
47.188 -0.056
45.938 -0.081
46.250 -0.075
46.562 -0.069
48.750 -0.025
47.812 -0.044
48.438 -0.031
48.125 -0.038
47.500 -0.050
47.188 -0.056
47.188 -0.056
47.188 -0.056
48.750 -0.025
48.750 -0.025
49.375 -0.012
48.438 -0.031
49.375 -0.012
48.750 -0.025
47.812 -0.044
47.188 -0.056
47.500 -0.050
46.562 -0.069
46.250 -0.075
47.500 -0.050
49.062 -0.019
49.375 -0.012
47.812 -0.044
48.438 -0.031
48.438 -0.031
48.125 -0.037
48.750 -0.025
49.375 -0.012
50.000 0.000
48.438 -0.031
48.438 -0.031
49.062 -0.019
50.000 0.000
50.938 0.019
51.875 0.038
50.625 0.012
50.313 0.006
51.250 0.025
50.313 0.006
49.062 -0.019
51.562 0.031
50.938 0.019
49.688 -0.006
48.438 -0.031
49.688 -0.006
48.438 -0.031
50.000 0.000
50.938 0.019
49.062 -0.019
50.625 0.013
50.938 0.019
49.688 -0.006
48.125 -0.037
48.438 -0.031
48.438 -0.031
49.062 -0.019
50.313 0.006
50.000 0.000
48.750 -0.025
48.750 -0.025
49.375 -0.012
49.375 -0.012
49.688 -0.006
50.000 0.000
49.375 -0.012
49.375 -0.012
49.375 -0.012
50.313 0.006
48.438 -0.031
49.375 -0.012
49.688 -0.006
50.000 0.000
49.062 -0.019
49.062 -0.019
48.125 -0.037
48.125 -0.037
49.062 -0.019
48.125 -0.037
49.375 -0.012
47.188 -0.056
48.750 -0.025
49.375 -0.012
50.313 0.006
50.625 0.013
50.938 0.019
50.625 0.012
50.625 0.012
51.250 0.025
50.313 0.006
49.375 -0.012
49.375 -0.013
48.750 -0.025
50.313 0.006
49.375 -0.013
49.688 -0.006
50.625 0.012
49.688 -0.006
49.375 -0.012
50.000 0.000
49.062 -0.019
48.438 -0.031
49.375 -0.013
49.688 -0.006
48.438 -0.031
48.750 -0.025
49.062 -0.019
50.000 0.000
51.250 0.025
50.313 0.006
51.250 0.025
50.313 0.006
50.313 0.006
49.062 -0.019
49.688 -0.006
49.375 -0.012
50.313 0.006
50.000 0.000
50.938 0.019
51.875 0.038
51.250 0.025
50.625 0.012
51.250 0.025
50.625 0.012
49.062 -0.019
50.938 0.019
50.625 0.012
50.313 0.006
51.250 0.025
51.562 0.031
50.938 0.019
51.875 0.038
51.250 0.025
51.250 0.025
52.188 0.044
52.188 0.044
52.188 0.044
52.500 0.050
50.938 0.019
50.000 0.000
51.250 0.025
51.875 0.038
53.438 0.069
52.188 0.044
52.500 0.050
52.812 0.056
53.438 0.069
51.875 0.038
53.750 0.075
53.125 0.062
52.500 0.050
52.812 0.056
53.125 0.062
52.812 0.056
53.438 0.069
54.062 0.081
52.188 0.044
53.125 0.062
53.438 0.069
52.812 0.056
51.875 0.038
51.875 0.038
52.188 0.044
52.500 0.050
53.438 0.069
52.812 0.056
55.000 0.100
55.000 0.100
54.062 0.081
53.125 0.062
54.062 0.081
52.500 0.050
52.500 0.050
53.438 0.069
53.750 0.075
54.062 0.081
53.438 0.069
55.000 0.100
54.375 0.087
55.000 0.100
55.000 0.100
54.375 0.087
53.438 0.069
52.812 0.056
51.875 0.038
53.125 0.062
53.438 0.069
52.812 0.056
53.125 0.062
53.750 0.075
53.125 0.062
53.750 0.075
54.062 0.081
52.812 0.056
52.188 0.044
53.750 0.075
53.125 0.062
54.375 0.087
52.812 0.056
52.500 0.050
54.062 0.081
55.000 0.100
55.000 0.100
54.062 0.081
55.000 0.100
54.062 0.081
53.438 0.069
53.125 0.062
54.688 0.094
54.375 0.087
55.000 0.100
54.688 0.094
54.062 0.081
53.750 0.075
52.812 0.056
53.750 0.075
55.937 0.119
56.875 0.137
57.188 0.144
55.625 0.113
54.375 0.087
53.750 0.075
54.688 0.094
54.062 0.081
55.000 0.100
55.625 0.113
55.937 0.119
58.125 0.163
56.563 0.131
56.250 0.125
56.250 0.125
55.000 0.100
54.688 0.094
56.875 0.137
56.250 0.125
56.563 0.131
54.688 0.094
55.312 0.106
54.688 0.094
56.563 0.131
56.250 0.125
56.250 0.125
55.937 0.119
55.937 0.119
56.250 0.125
56.250 0.125
54.062 0.081
54.375 0.087
54.375 0.087
58.438 0.169
58.438 0.169
57.500 0.150
55.312 0.106
57.188 0.144
59.062 0.181
58.125 0.163
58.125 0.163
55.937 0.119
55.625 0.113
55.312 0.106
55.625 0.113
56.563 0.131
57.812 0.156
56.250 0.125
56.875 0.137
56.563 0.131
56.563 0.131
56.563 0.131
57.500 0.150
56.250 0.125
56.250 0.125
55.312 0.106
56.563 0.131
58.125 0.163
57.500 0.150
57.500 0.150
57.188 0.144
55.937 0.119
56.250 0.125
56.875 0.137
56.563 0.131
56.875 0.137
58.125 0.163
60.000 0.200
59.688 0.194
60.312 0.206
59.688 0.194
58.125 0.163
58.750 0.175
59.375 0.188
59.688 0.194
59.375 0.188
60.938 0.219
60.000 0.200
60.000 0.200
62.500 0.250
61.875 0.238
61.875 0.237
60.312 0.206
59.062 0.181
60.625 0.212
60.000 0.200
60.000 0.200
60.000 0.200
61.562 0.231
60.000 0.200
62.187 0.244
60.938 0.219
60.938 0.219
59.062 0.181
60.000 0.200
60.625 0.212
61.875 0.238
62.187 0.244
60.312 0.206
61.875 0.237
62.187 0.244
62.187 0.244
61.875 0.238
62.187 0.244
62.187 0.244
62.187 0.244
63.125 0.262
61.250 0.225
62.187 0.244
61.250 0.225
62.187 0.244
62.187 0.244
62.187 0.244
61.562 0.231
62.813 0.256
62.500 0.250
61.875 0.238
62.187 0.244
62.187 0.244
61.875 0.238
61.250 0.225
61.250 0.225
61.250 0.225
62.187 0.244
60.625 0.212
60.625 0.212
60.312 0.206
60.938 0.219
61.250 0.225
62.187 0.244
62.187 0.244
63.125 0.262
61.250 0.225
60.625 0.212
60.000 0.200
61.250 0.225
62.813 0.256
61.562 0.231
62.813 0.256
60.625 0.213
62.500 0.250
63.750 0.275
65.312 0.306
64.062 0.281
63.750 0.275
63.438 0.269
61.875 0.238
62.500 0.250
65.000 0.300
63.750 0.275
63.438 0.269
64.062 0.281
63.438 0.269
65.000 0.300
65.000 0.300
64.062 0.281
63.125 0.262
62.500 0.250
64.375 0.288
64.688 0.294
65.312 0.306
65.625 0.312
66.250 0.325
64.375 0.288
65.000 0.300
64.375 0.288
64.688 0.294
64.062 0.281
64.375 0.288
62.813 0.256
62.813 0.256
64.688 0.294
64.688 0.294
65.000 0.300
64.062 0.281
64.375 0.288
65.000 0.300
63.750 0.275
64.062 0.281
65.000 0.300
64.688 0.294
65.312 0.306
66.250 0.325
65.000 0.300
64.688 0.294
65.000 0.300
62.187 0.244
63.125 0.262
64.688 0.294
65.312 0.306
64.062 0.281
64.375 0.288
64.062 0.281
65.938 0.319
67.812 0.356
67.188 0.344
65.625 0.312
64.062 0.281
64.688 0.294
65.625 0.312
65.938 0.319
64.688 0.294
65.000 0.300
65.312 0.306
65.938 0.319
68.438 0.369
65.625 0.312
63.750 0.275
65.000 0.300
66.875 0.337
67.188 0.344
65.312 0.306
65.312 0.306
65.625 0.312
66.250 0.325
65.312 0.306
65.000 0.300
65.625 0.312
65.938 0.319
66.875 0.337
65.938 0.319
66.875 0.338
65.000 0.300
65.000 0.300
65.000 0.300
65.938 0.319
65.625 0.312
67.188 0.344
66.875 0.338
66.562 0.331
66.562 0.331
67.188 0.344
67.188 0.344
66.562 0.331
66.562 0.331
67.188 0.344
65.625 0.312
66.562 0.331
66.250 0.325
67.500 0.350
67.500 0.350
67.500 0.350
66.250 0.325
65.312 0.306
65.625 0.312
66.875 0.337
65.938 0.319
66.562 0.331
66.250 0.325
66.562 0.331
65.938 0.319
65.312 0.306
65.312 0.306
65.312 0.306
67.500 0.350
67.500 0.350
65.938 0.319
65.938 0.319
64.688 0.294
66.250 0.325
67.188 0.344
66.562 0.331
65.000 0.300
63.750 0.275
65.625 0.312
67.812 0.356
67.188 0.344
66.875 0.337
66.875 0.337
66.875 0.337
67.500 0.350
65.312 0.306
64.375 0.288
65.625 0.312
65.938 0.319
65.625 0.312
66.875 0.337
67.500 0.350
66.875 0.337
66.875 0.337
65.938 0.319
66.562 0.331
65.938 0.319
67.188 0.344
66.875 0.337
65.625 0.312
65.938 0.319
64.688 0.294
65.625 0.312
67.188 0.344
68.750 0.375
67.500 0.350
66.875 0.337
66.562 0.331
67.812 0.356
67.500 0.350
66.875 0.337
66.562 0.331
67.500 0.350
67.812 0.356
66.562 0.331
66.875 0.338
67.812 0.356
67.812 0.356
68.438 0.369
66.875 0.338
66.562 0.331
67.188 0.344
67.188 0.344
66.875 0.337
67.812 0.356
68.438 0.369
67.812 0.356
68.438 0.369
68.750 0.375
67.812 0.356
66.875 0.337
67.812 0.356
69.062 0.381
68.438 0.369
67.812 0.356
67.812 0.356
66.875 0.337
67.500 0.350
67.812 0.356
65.625 0.312
66.562 0.331
66.562 0.331
67.500 0.350
68.125 0.363
67.812 0.356
67.188 0.344
67.812 0.356
69.688 0.394
68.438 0.369
66.875 0.337
67.812 0.356
66.875 0.338
68.438 0.369
70.312 0.406
69.062 0.381
69.375 0.387
68.125 0.363
66.562 0.331
67.500 0.350
67.812 0.356
67.812 0.356
67.500 0.350
68.750 0.375
68.750 0.375
68.125 0.363
66.250 0.325
67.188 0.344
67.188 0.344
66.875 0.337
68.438 0.369
67.188 0.344
67.812 0.356
68.438 0.369
67.500 0.350
66.562 0.331
68.125 0.363
67.500 0.350
67.500 0.350
68.125 0.363
69.688 0.394
69.062 0.381
69.375 0.387
69.375 0.387
69.688 0.394
70.312 0.406
70.312 0.406
69.062 0.381
68.438 0.369
69.062 0.381
70.000 0.400
70.312 0.406
69.688 0.394
69.688 0.394
70.312 0.406
69.375 0.388
70.312 0.406
70.625 0.413
70.938 0.419
71.562 0.431
70.312 0.406
70.625 0.413
70.312 0.406
70.625 0.413
69.375 0.388
71.875 0.438
71.562 0.431
71.875 0.438
70.625 0.413
71.562 0.431
70.938 0.419
70.312 0.406
70.312 0.406
68.750 0.375
69.062 0.381
70.625 0.413
70.625 0.413
70.938 0.419
69.375 0.388
70.000 0.400
70.938 0.419
71.562 0.431
71.875 0.438
71.562 0.431
70.625 0.413
69.688 0.394
70.000 0.400
69.688 0.394
69.688 0.394
70.938 0.419
70.312 0.406
70.000 0.400
70.625 0.413
70.312 0.406
70.625 0.413
70.625 0.413
71.562 0.431
70.625 0.413
69.062 0.381
70.000 0.400
70.000 0.400
70.625 0.413
70.938 0.419
70.625 0.413
70.000 0.400
70.312 0.406
70.938 0.419
69.375 0.388
68.438 0.369
67.812 0.356
67.188 0.344
67.812 0.356
70.312 0.406
70.312 0.406
70.000 0.400
70.312 0.406
70.938 0.419
70.000 0.400
68.438 0.369
67.812 0.356
68.125 0.363
68.438 0.369
69.688 0.394
69.688 0.394
68.438 0.369
68.750 0.375
67.500 0.350
70.625 0.413
68.750 0.375
70.312 0.406
70.000 0.400
70.312 0.406
70.938 0.419
69.688 0.394
69.375 0.387
69.688 0.394
69.688 0.394
70.312 0.406
70.938 0.419
69.375 0.387
69.062 0.381
69.062 0.381
67.812 0.356
70.938 0.419
71.562 0.431
70.312 0.406
70.625 0.413
69.062 0.381
70.625 0.413
68.125 0.363
69.062 0.381
71.562 0.431
70.312 0.406
70.312 0.406
71.250 0.425
71.875 0.438
70.938 0.419
70.938 0.419
70.312 0.406
71.250 0.425
71.875 0.438
71.562 0.431
70.000 0.400
70.938 0.419
72.500 0.450
71.562 0.431
72.188 0.444
72.500 0.450
71.875 0.438
71.250 0.425
70.625 0.413
71.562 0.431
71.250 0.425
71.562 0.431
72.188 0.444
72.188 0.444
72.188 0.444
73.125 0.462
70.625 0.413
72.500 0.450
72.188 0.444
70.625 0.413
71.875 0.438
72.500 0.450
71.875 0.438
72.500 0.450
71.875 0.438
71.250 0.425
72.188 0.444
72.812 0.456
72.188 0.444
71.250 0.425
70.312 0.406
69.688 0.394
70.625 0.413
71.562 0.431
70.938 0.419
71.875 0.438
70.625 0.413
71.875 0.438
72.500 0.450
72.500 0.450
70.312 0.406
68.750 0.375
70.625 0.413
70.938 0.419
71.875 0.438
72.188 0.444
71.562 0.431
70.938 0.419
70.938 0.419
69.688 0.394
70.312 0.406
71.562 0.431
70.938 0.419
71.250 0.425
71.250 0.425
71.562 0.431
70.000 0.400
69.688 0.394
70.312 0.406
70.312 0.406
70.625 0.413
70.625 0.413
71.875 0.438
72.812 0.456
71.250 0.425
70.312 0.406
70.312 0.406
70.000 0.400
70.312 0.406
71.562 0.431
70.938 0.419
70.000 0.400
69.375 0.387
69.688 0.394
70.000 0.400
70.312 0.406
70.000 0.400
69.688 0.394
69.375 0.387
68.750 0.375
69.375 0.387
70.625 0.413
70.938 0.419
69.688 0.394
70.312 0.406
69.375 0.387
70.312 0.406
70.312 0.406
69.688 0.394
69.688 0.394
70.312 0.406
70.000 0.400
70.312 0.406
70.938 0.419
69.375 0.387
67.500 0.350
68.438 0.369
69.375 0.387
69.375 0.387
69.688 0.394
70.000 0.400
68.438 0.369
67.812 0.356
67.188 0.344
68.125 0.363
69.062 0.381
69.375 0.387
68.750 0.375
68.125 0.363
67.500 0.350
68.750 0.375
70.000 0.400
68.750 0.375
69.688 0.394
69.688 0.394
69.375 0.388
68.750 0.375
68.438 0.369
67.812 0.356
67.812 0.356
68.750 0.375
69.375 0.387
69.375 0.387
69.062 0.381
67.812 0.356
67.812 0.356
67.188 0.344
67.812 0.356
68.750 0.375
68.125 0.363
68.750 0.375
69.062 0.381
67.500 0.350
67.812 0.356
68.750 0.375
68.125 0.363
67.188 0.344
68.438 0.369
67.812 0.356
68.125 0.363
70.312 0.406
68.438 0.369
67.812 0.356
68.125 0.362
67.812 0.356
68.125 0.362
67.188 0.344
66.562 0.331
67.500 0.350
69.062 0.381
68.438 0.369
70.000 0.400
67.812 0.356
67.500 0.350
66.875 0.337
66.250 0.325
67.812 0.356
66.875 0.337
67.500 0.350
68.438 0.369
68.125 0.362
67.812 0.356
69.062 0.381
68.125 0.363
67.188 0.344
65.625 0.312
66.250 0.325
67.188 0.344
66.875 0.337
68.438 0.369
67.500 0.350
66.875 0.337
66.875 0.337
67.188 0.344
66.562 0.331
67.500 0.350
67.500 0.350
66.250 0.325
65.938 0.319
67.500 0.350
67.188 0.344
66.250 0.325
66.562 0.331
67.188 0.344
67.812 0.356
66.875 0.337
66.875 0.337
66.562 0.331
66.875 0.337
67.188 0.344
66.562 0.331
64.375 0.288
65.000 0.300
65.000 0.300
66.875 0.337
67.812 0.356
66.562 0.331
67.500 0.350
65.625 0.312
65.000 0.300
65.625 0.312
65.000 0.300
64.688 0.294
64.688 0.294
65.312 0.306
64.062 0.281
65.312 0.306
66.562 0.331
66.875 0.337
66.875 0.337
66.250 0.325
65.938 0.319
64.688 0.294
65.000 0.300
65.625 0.312
67.188 0.344
64.688 0.294
65.625 0.312
65.000 0.300
65.625 0.312
66.875 0.337
67.188 0.344
67.500 0.350
67.500 0.350
66.875 0.337
66.875 0.337
65.312 0.306
65.000 0.300
65.938 0.319
64.062 0.281
65.938 0.319
66.875 0.337
66.875 0.337
65.938 0.319
65.312 0.306
65.312 0.306
65.625 0.312
65.312 0.306
65.938 0.319
65.938 0.319
65.312 0.306
65.312 0.306
65.312 0.306
65.625 0.312
66.250 0.325
64.062 0.281
64.062 0.281
64.688 0.294
65.312 0.306
65.625 0.312
66.250 0.325
66.562 0.331
65.000 0.300
64.062 0.281
65.625 0.312
65.312 0.306
65.312 0.306
64.375 0.288
63.750 0.275
65.312 0.306
65.000 0.300
65.000 0.300
65.312 0.306
65.938 0.319
64.062 0.281
65.312 0.306
65.312 0.306
66.250 0.325
65.000 0.300
65.938 0.319
65.000 0.300
64.375 0.288
64.375 0.288
67.500 0.350
65.625 0.312
65.938 0.319
64.688 0.294
65.312 0.306
64.375 0.288
64.062 0.281
65.000 0.300
63.750 0.275
64.688 0.294
64.375 0.288
64.688 0.294
65.312 0.306
64.375 0.288
64.062 0.281
63.750 0.275
63.750 0.275
63.750 0.275
65.000 0.300
65.000 0.300
63.438 0.269
65.312 0.306
64.062 0.281
63.438 0.269
63.125 0.262
63.438 0.269
64.062 0.281
65.000 0.300
65.625 0.312
65.625 0.312
65.625 0.312
65.625 0.312
64.375 0.288
63.438 0.269
63.125 0.262
63.750 0.275
63.438 0.269
63.125 0.262
64.062 0.281
64.062 0.281
64.062 0.281
65.000 0.300
66.250 0.325
65.938 0.319
65.000 0.300
64.375 0.288
63.750 0.275
64.062 0.281
64.688 0.294
66.250 0.325
65.000 0.300
64.688 0.294
65.312 0.306
65.000 0.300
66.562 0.331
66.250 0.325
65.625 0.312
64.062 0.281
65.000 0.300
64.375 0.288
65.000 0.300
64.375 0.288
64.688 0.294
65.625 0.312
64.375 0.288
65.312 0.306
65.938 0.319
65.938 0.319
66.250 0.325
66.250 0.325
65.312 0.306
65.938 0.319
66.875 0.337
65.938 0.319
64.688 0.294
65.312 0.306
65.625 0.312
65.000 0.300
65.938 0.319
65.312 0.306
66.562 0.331
66.250 0.325
65.625 0.312
64.062 0.281
65.312 0.306
63.750 0.275
64.375 0.288
65.625 0.312
66.562 0.331
65.625 0.312
66.562 0.331
65.938 0.319
65.938 0.319
64.062 0.281
64.375 0.288
64.688 0.294
65.938 0.319
65.938 0.319
66.250 0.325
65.625 0.312
64.375 0.288
66.250 0.325
66.875 0.337
66.875 0.337
68.125 0.363
67.188 0.344
67.188 0.344
66.250 0.325
65.312 0.306
66.562 0.331
67.188 0.344
66.250 0.325
67.188 0.344
68.750 0.375
67.812 0.356
67.812 0.356
67.812 0.356
66.250 0.325
65.938 0.319
65.938 0.319
66.875 0.337
66.875 0.337
67.812 0.356
67.188 0.344
67.812 0.356
67.812 0.356
65.312 0.306
65.938 0.319
66.250 0.325
66.250 0.325
66.250 0.325
65.312 0.306
66.250 0.325
65.938 0.319
66.250 0.325
65.000 0.300
66.250 0.325
67.188 0.344
67.188 0.344
66.875 0.337
65.938 0.319
65.625 0.312
65.625 0.312
66.875 0.337
65.625 0.312
65.312 0.306
65.625 0.312
67.812 0.356
67.812 0.356
65.312 0.306
66.875 0.338
67.188 0.344
67.188 0.344
66.250 0.325
65.312 0.306
67.500 0.350
66.562 0.331
66.250 0.325
67.812 0.356
67.500 0.350
68.750 0.375
67.812 0.356
67.188 0.344
66.875 0.337
66.250 0.325
68.125 0.363
66.562 0.331
67.500 0.350
66.562 0.331
67.188 0.344
66.562 0.331
67.500 0.350
67.500 0.350
66.875 0.337
66.250 0.325
66.562 0.331
67.188 0.344
66.875 0.337
67.188 0.344
67.188 0.344
65.312 0.306
65.938 0.319
66.562 0.331
67.500 0.350
66.562 0.331
67.500 0.350
66.562 0.331
66.562 0.331
67.188 0.344
66.250 0.325
67.188 0.344
67.812 0.356
66.875 0.338
66.562 0.331
66.562 0.331
66.250 0.325
65.938 0.319
66.562 0.331
66.875 0.337
65.625 0.312
66.875 0.337
65.938 0.319
65.938 0.319
66.875 0.337
65.938 0.319
66.875 0.337
66.562 0.331
65.312 0.306
65.938 0.319
65.625 0.312
65.938 0.319
66.562 0.331
64.688 0.294
66.562 0.331
66.562 0.331
65.625 0.312
66.875 0.337
66.562 0.331
64.688 0.294
65.625 0.312
65.938 0.319
66.562 0.331
67.188 0.344
66.562 0.331
64.688 0.294
65.000 0.300
65.312 0.306
65.312 0.306
67.500 0.350
66.875 0.337
65.625 0.312
66.250 0.325
65.312 0.306
67.188 0.344
66.250 0.325
66.250 0.325
65.938 0.319
66.562 0.331
65.312 0.306
66.250 0.325
65.312 0.306
64.062 0.281
66.875 0.337
66.875 0.337
68.438 0.369
67.500 0.350
66.875 0.337
65.938 0.319
66.250 0.325
65.000 0.300
65.938 0.319
66.250 0.325
65.938 0.319
65.625 0.312
67.812 0.356
66.875 0.337
66.250 0.325
66.250 0.325
65.938 0.319
67.188 0.344
67.812 0.356
67.812 0.356
67.812 0.356
67.812 0.356
66.562 0.331
67.188 0.344
66.875 0.337
66.250 0.325
65.625 0.312
67.500 0.350
67.500 0.350
68.125 0.362
66.875 0.337
67.188 0.344
66.562 0.331
66.875 0.337
67.500 0.350
67.500 0.350
66.875 0.337
66.875 0.337
67.500 0.350
68.125 0.362
68.438 0.369
66.250 0.325
65.625 0.312
66.250 0.325
65.938 0.319
65.938 0.319
67.812 0.356
66.250 0.325
66.250 0.325
65.938 0.319
66.875 0.337
66.250 0.325
63.750 0.275
65.625 0.312
65.312 0.306
