# Accuracy (%) - Kappa coefficient
52.812 0.056
51.250 0.025
52.812 0.056
51.562 0.031
51.875 0.038
52.500 0.050
52.188 0.044
53.750 0.075
52.500 0.050
50.625 0.013
52.188 0.044
52.500 0.050
52.812 0.056
53.125 0.062
52.500 0.050
52.812 0.056
53.750 0.075
51.875 0.038
51.562 0.031
52.812 0.056
50.938 0.019
52.500 0.050
53.125 0.062
51.875 0.038
52.812 0.056
51.250 0.025
52.812 0.056
52.188 0.044
52.188 0.044
50.313 0.006
52.500 0.050
51.875 0.038
52.188 0.044
52.500 0.050
54.062 0.081
52.812 0.056
53.125 0.062
52.500 0.050
52.812 0.056
53.125 0.062
53.125 0.062
52.188 0.044
53.125 0.062
53.125 0.062
52.500 0.050
52.188 0.044
53.125 0.062
52.500 0.050
52.812 0.056
52.812 0.056
52.188 0.044
52.812 0.056
51.875 0.038
53.438 0.069
54.375 0.087
53.125 0.062
53.125 0.062
52.188 0.044
52.500 0.050
52.812 0.056
51.562 0.031
51.562 0.031
52.812 0.056
53.125 0.062
53.750 0.075
54.688 0.094
52.812 0.056
53.125 0.062
52.812 0.056
53.438 0.069
52.812 0.056
52.812 0.056
53.125 0.062
52.812 0.056
53.438 0.069
51.875 0.038
52.500 0.050
51.562 0.031
53.438 0.069
52.812 0.056
53.125 0.062
52.500 0.050
52.500 0.050
55.000 0.100
54.375 0.088
54.375 0.088
53.750 0.075
53.438 0.069
52.812 0.056
54.062 0.081
53.125 0.062
53.125 0.062
53.750 0.075
52.812 0.056
54.062 0.081
53.125 0.062
54.062 0.081
53.438 0.069
51.875 0.038
52.500 0.050
51.875 0.038
52.500 0.050
52.500 0.050
52.500 0.050
51.250 0.025
53.750 0.075
53.125 0.062
52.500 0.050
52.188 0.044
53.438 0.069
50.313 0.006
53.125 0.062
51.562 0.031
51.562 0.031
52.188 0.044
52.812 0.056
51.875 0.038
51.875 0.038
51.875 0.038
51.875 0.038
52.500 0.050
50.938 0.019
53.125 0.062
51.562 0.031
52.500 0.050
53.125 0.062
52.500 0.050
53.125 0.062
54.062 0.081
54.062 0.081
51.875 0.038
52.188 0.044
51.250 0.025
52.500 0.050
52.812 0.056
51.875 0.038
52.500 0.050
52.812 0.056
53.125 0.062
53.125 0.062
53.750 0.075
53.125 0.062
54.062 0.081
53.125 0.062
53.750 0.075
53.125 0.062
52.500 0.050
54.688 0.094
52.500 0.050
54.375 0.087
55.312 0.106
55.312 0.106
54.062 0.081
54.688 0.094
52.812 0.056
52.812 0.056
53.438 0.069
53.438 0.069
54.062 0.081
54.688 0.094
53.750 0.075
53.438 0.069
53.438 0.069
54.062 0.081
52.500 0.050
54.375 0.087
52.812 0.056
53.438 0.069
54.062 0.081
53.438 0.069
53.750 0.075
55.000 0.100
54.062 0.081
55.312 0.106
52.812 0.056
52.500 0.050
53.438 0.069
54.062 0.081
52.500 0.050
54.375 0.087
55.000 0.100
53.125 0.062
53.125 0.062
52.812 0.056
51.875 0.038
54.062 0.081
52.500 0.050
53.125 0.062
53.750 0.075
52.500 0.050
53.438 0.069
52.812 0.056
51.875 0.038
51.875 0.038
52.812 0.056
52.500 0.050
52.188 0.044
50.625 0.012
51.875 0.038
51.875 0.038
52.500 0.050
53.125 0.062
52.812 0.056
51.562 0.031
52.812 0.056
52.500 0.050
51.875 0.038
52.500 0.050
51.875 0.038
52.188 0.044
51.250 0.025
51.875 0.038
50.313 0.006
50.625 0.013
50.625 0.012
51.250 0.025
50.938 0.019
51.250 0.025
50.938 0.019
52.188 0.044
51.250 0.025
52.500 0.050
50.313 0.006
50.313 0.006
51.250 0.025
50.625 0.013
52.812 0.056
51.562 0.031
51.250 0.025
51.875 0.038
52.188 0.044
51.562 0.031
52.500 0.050
51.250 0.025
49.062 -0.019
50.625 0.012
50.313 0.006
52.188 0.044
51.250 0.025
52.188 0.044
53.438 0.069
52.812 0.056
51.562 0.031
50.938 0.019
51.875 0.038
52.188 0.044
51.250 0.025
50.625 0.012
50.000 0.000
50.625 0.012
51.250 0.025
51.875 0.038
51.875 0.038
51.562 0.031
51.875 0.038
50.625 0.012
50.313 0.006
50.625 0.012
50.938 0.019
51.562 0.031
50.625 0.012
51.875 0.038
51.250 0.025
51.250 0.025
51.562 0.031
50.938 0.019
50.625 0.012
51.562 0.031
50.625 0.012
51.250 0.025
51.250 0.025
50.625 0.012
49.688 -0.006
51.562 0.031
53.125 0.062
52.188 0.044
51.562 0.031
51.562 0.031
50.625 0.012
51.875 0.038
49.688 -0.006
49.375 -0.012
50.625 0.012
49.375 -0.013
51.562 0.031
50.000 0.000
51.250 0.025
49.688 -0.006
50.313 0.006
50.625 0.012
50.625 0.012
51.875 0.038
51.250 0.025
50.625 0.012
52.188 0.044
50.625 0.012
50.938 0.019
50.625 0.012
49.375 -0.012
50.625 0.012
50.000 0.000
50.938 0.019
51.250 0.025
51.562 0.031
52.188 0.044
51.562 0.031
52.812 0.056
50.938 0.019
51.562 0.031
51.562 0.031
50.625 0.012
50.625 0.012
50.625 0.012
50.625 0.013
51.875 0.038
51.562 0.031
50.938 0.019
51.875 0.038
50.625 0.013
50.625 0.012
50.938 0.019
50.313 0.006
50.000 0.000
50.313 0.006
50.000 0.000
51.562 0.031
52.188 0.044
51.250 0.025
51.562 0.031
51.875 0.038
51.875 0.038
50.938 0.019
52.812 0.056
50.625 0.012
51.250 0.025
52.500 0.050
51.250 0.025
54.375 0.087
51.875 0.038
51.875 0.038
51.875 0.038
51.875 0.038
52.188 0.044
52.188 0.044
50.625 0.012
50.625 0.012
50.938 0.019
50.938 0.019
53.125 0.062
50.938 0.019
52.188 0.044
50.938 0.019
52.188 0.044
51.562 0.031
52.188 0.044
51.250 0.025
53.125 0.062
52.188 0.044
51.875 0.038
51.250 0.025
52.500 0.050
52.812 0.056
52.812 0.056
52.500 0.050
52.500 0.050
53.125 0.062
53.125 0.062
53.125 0.062
53.125 0.062
52.500 0.050
51.250 0.025
53.125 0.062
52.188 0.044
53.125 0.062
52.812 0.056
53.438 0.069
52.188 0.044
54.375 0.088
52.500 0.050
52.812 0.056
52.500 0.050
53.125 0.062
52.812 0.056
54.688 0.094
53.125 0.062
54.688 0.094
53.750 0.075
53.750 0.075
54.062 0.081
53.750 0.075
53.750 0.075
53.125 0.062
53.125 0.062
52.812 0.056
53.438 0.069
52.500 0.050
54.375 0.087
53.438 0.069
52.812 0.056
54.375 0.087
54.688 0.094
54.375 0.087
55.000 0.100
53.125 0.062
54.062 0.081
52.812 0.056
53.438 0.069
53.750 0.075
54.688 0.094
53.750 0.075
54.062 0.081
53.438 0.069
52.812 0.056
53.125 0.062
53.125 0.062
55.000 0.100
53.750 0.075
56.563 0.131
53.125 0.062
52.812 0.056
52.188 0.044
52.188 0.044
51.875 0.038
53.125 0.062
52.500 0.050
52.812 0.056
54.688 0.094
53.750 0.075
53.438 0.069
52.812 0.056
52.812 0.056
51.875 0.038
52.500 0.050
52.188 0.044
52.812 0.056
52.812 0.056
52.188 0.044
51.875 0.038
54.062 0.081
52.500 0.050
52.812 0.056
52.188 0.044
53.125 0.062
52.188 0.044
52.812 0.056
53.750 0.075
53.125 0.062
52.812 0.056
51.875 0.038
52.812 0.056
50.625 0.012
53.438 0.069
53.125 0.062
52.500 0.050
52.500 0.050
52.812 0.056
53.125 0.062
51.875 0.038
53.438 0.069
51.562 0.031
53.125 0.062
53.125 0.062
51.562 0.031
52.188 0.044
51.875 0.038
53.750 0.075
54.375 0.088
52.500 0.050
52.812 0.056
54.062 0.081
52.812 0.056
53.750 0.075
54.688 0.094
52.500 0.050
53.750 0.075
54.062 0.081
54.062 0.081
53.750 0.075
53.438 0.069
53.438 0.069
54.375 0.087
54.688 0.094
54.688 0.094
54.062 0.081
54.688 0.094
54.062 0.081
54.062 0.081
54.062 0.081
54.062 0.081
53.750 0.075
54.062 0.081
53.438 0.069
54.375 0.087
53.750 0.075
53.438 0.069
55.000 0.100
54.688 0.094
54.688 0.094
55.937 0.119
54.062 0.081
54.688 0.094
53.438 0.069
54.688 0.094
53.438 0.069
54.062 0.081
53.750 0.075
55.312 0.106
54.062 0.081
54.688 0.094
54.688 0.094
55.312 0.106
54.688 0.094
54.688 0.094
55.937 0.119
54.375 0.087
55.312 0.106
53.750 0.075
55.937 0.119
53.750 0.075
53.750 0.075
55.000 0.100
54.375 0.087
55.312 0.106
54.062 0.081
54.062 0.081
53.438 0.069
54.375 0.087
53.438 0.069
53.438 0.069
55.312 0.106
53.125 0.062
54.688 0.094
51.875 0.038
53.125 0.062
53.125 0.062
54.062 0.081
53.438 0.069
53.125 0.062
53.125 0.062
52.812 0.056
52.500 0.050
52.188 0.044
52.188 0.044
51.250 0.025
51.875 0.038
51.562 0.031
51.562 0.031
53.125 0.062
53.125 0.062
51.875 0.038
54.688 0.094
53.750 0.075
52.812 0.056
53.438 0.069
53.438 0.069
52.812 0.056
53.125 0.062
50.625 0.012
52.812 0.056
53.438 0.069
52.812 0.056
52.500 0.050
51.875 0.038
51.875 0.038
51.875 0.038
52.188 0.044
50.938 0.019
51.562 0.031
51.250 0.025
52.500 0.050
52.500 0.050
50.000 0.000
51.875 0.038
50.313 0.006
50.938 0.019
52.188 0.044
51.875 0.038
52.188 0.044
50.313 0.006
52.188 0.044
51.562 0.031
52.188 0.044
51.250 0.025
50.625 0.012
51.562 0.031
51.250 0.025
50.938 0.019
50.313 0.006
51.562 0.031
50.000 0.000
52.500 0.050
52.500 0.050
50.938 0.019
50.313 0.006
50.938 0.019
50.625 0.012
49.688 -0.006
49.688 -0.006
49.375 -0.012
49.375 -0.013
50.313 0.006
49.062 -0.019
50.000 0.000
49.688 -0.006
49.375 -0.012
50.313 0.006
50.625 0.012
51.250 0.025
50.625 0.012
50.313 0.006
49.375 -0.012
50.313 0.006
50.625 0.012
50.625 0.012
51.562 0.031
51.875 0.038
50.000 0.000
48.750 -0.025
50.313 0.006
50.313 0.006
50.313 0.006
50.938 0.019
50.000 0.000
50.000 0.000
50.313 0.006
51.562 0.031
50.625 0.012
50.625 0.013
48.750 -0.025
50.000 0.000
48.750 -0.025
50.313 0.006
49.688 -0.006
50.313 0.006
50.938 0.019
50.938 0.019
51.250 0.025
49.375 -0.013
49.375 -0.013
48.438 -0.031
50.313 0.006
49.375 -0.013
49.062 -0.019
50.313 0.006
50.625 0.012
50.313 0.006
50.625 0.013
50.000 0.000
48.750 -0.025
48.750 -0.025
48.750 -0.025
47.500 -0.050
49.062 -0.019
49.375 -0.012
50.625 0.013
50.000 0.000
50.313 0.006
50.000 0.000
49.688 -0.006
47.812 -0.044
47.500 -0.050
49.062 -0.019
49.062 -0.019
48.750 -0.025
49.375 -0.012
51.250 0.025
50.000 0.000
50.625 0.012
50.000 0.000
48.750 -0.025
48.750 -0.025
48.438 -0.031
48.750 -0.025
49.688 -0.006
48.438 -0.031
50.313 0.006
50.313 0.006
49.375 -0.012
48.125 -0.037
49.375 -0.012
48.125 -0.037
48.438 -0.031
46.875 -0.062
48.438 -0.031
48.438 -0.031
49.062 -0.019
47.812 -0.044
47.812 -0.044
48.125 -0.037
47.812 -0.044
48.125 -0.037
46.250 -0.075
47.188 -0.056
47.812 -0.044
46.875 -0.062
47.188 -0.056
47.500 -0.050
47.812 -0.044
46.562 -0.069
46.875 -0.062
46.250 -0.075
47.500 -0.050
47.500 -0.050
46.875 -0.062
48.125 -0.037
47.188 -0.056
47.500 -0.050
46.250 -0.075
46.875 -0.062
47.188 -0.056
46.875 -0.062
47.500 -0.050
47.812 -0.044
48.750 -0.025
47.812 -0.044
47.812 -0.044
47.812 -0.044
48.438 -0.031
46.562 -0.069
47.188 -0.056
45.938 -0.081
47.500 -0.050
46.875 -0.062
48.125 -0.037
48.438 -0.031
47.812 -0.044
47.188 -0.056
45.312 -0.094
47.188 -0.056
46.250 -0.075
46.562 -0.069
46.250 -0.075
46.562 -0.069
47.188 -0.056
48.125 -0.037
47.188 -0.056
46.250 -0.075
47.500 -0.050
47.188 -0.056
47.500 -0.050
46.562 -0.069
45.938 -0.081
45.625 -0.087
46.562 -0.069
46.250 -0.075
46.875 -0.062
46.875 -0.062
47.812 -0.044
47.500 -0.050
47.500 -0.050
47.188 -0.056
45.938 -0.081
45.938 -0.081
46.250 -0.075
45.938 -0.081
46.250 -0.075
47.188 -0.056
45.625 -0.087
46.875 -0.062
45.625 -0.088
46.875 -0.062
46.250 -0.075
45.625 -0.087
46.562 -0.069
47.500 -0.050
46.250 -0.075
45.938 -0.081
46.875 -0.062
46.250 -0.075
47.812 -0.044
46.562 -0.069
46.562 -0.069
46.250 -0.075
46.250 -0.075
45.938 -0.081
46.562 -0.069
46.250 -0.075
48.125 -0.037
49.375 -0.012
48.125 -0.037
47.188 -0.056
46.875 -0.062
46.562 -0.069
46.875 -0.062
45.938 -0.081
45.938 -0.081
46.875 -0.062
47.500 -0.050
47.500 -0.050
47.188 -0.056
48.125 -0.037
47.812 -0.044
46.875 -0.062
47.812 -0.044
46.562 -0.069
46.562 -0.069
46.875 -0.062
47.812 -0.044
47.812 -0.044
46.875 -0.062
46.562 -0.069
47.500 -0.050
46.562 -0.069
47.500 -0.050
46.875 -0.062
47.188 -0.056
48.125 -0.038
47.500 -0.050
48.438 -0.031
48.438 -0.031
47.812 -0.044
46.562 -0.069
47.188 -0.056
46.250 -0.075
47.500 -0.050
47.812 -0.044
47.188 -0.056
47.812 -0.044
47.500 -0.050
46.562 -0.069
48.125 -0.037
45.938 -0.081
47.812 -0.044
46.875 -0.062
48.125 -0.038
47.812 -0.044
46.562 -0.069
48.750 -0.025
48.750 -0.025
48.125 -0.037
46.875 -0.062
46.562 -0.069
45.000 -0.100
46.562 -0.069
46.250 -0.075
46.562 -0.069
46.562 -0.069
48.750 -0.025
47.500 -0.050
47.188 -0.056
46.562 -0.069
45.938 -0.081
46.250 -0.075
45.000 -0.100
47.500 -0.050
47.188 -0.056
49.062 -0.019
46.875 -0.062
48.438 -0.031
45.000 -0.100
48.125 -0.037
45.938 -0.081
46.875 -0.062
48.125 -0.038
47.812 -0.044
47.812 -0.044
48.125 -0.037
47.188 -0.056
47.500 -0.050
48.438 -0.031
49.375 -0.012
48.125 -0.037
47.500 -0.050
48.125 -0.037
46.875 -0.062
46.250 -0.075
46.875 -0.062
46.562 -0.069
47.812 -0.044
47.812 -0.044
48.750 -0.025
48.750 -0.025
48.125 -0.037
48.750 -0.025
48.438 -0.031
47.188 -0.056
47.812 -0.044
46.875 -0.062
48.750 -0.025
47.188 -0.056
47.500 -0.050
47.500 -0.050
48.438 -0.031
48.750 -0.025
46.875 -0.062
47.812 -0.044
48.438 -0.031
49.062 -0.019
48.438 -0.031
49.062 -0.019
48.750 -0.025
48.125 -0.037
48.438 -0.031
47.812 -0.044
48.438 -0.031
47.500 -0.050
48.750 -0.025
48.438 -0.031
48.438 -0.031
49.375 -0.012
50.000 0.000
49.688 -0.006
49.375 -0.012
49.375 -0.012
49.375 -0.012
49.688 -0.006
51.250 0.025
50.313 0.006
50.313 0.006
50.313 0.006
51.250 0.025
49.375 -0.012
50.313 0.006
51.250 0.025
50.313 0.006
51.562 0.031
51.875 0.038
51.562 0.031
52.812 0.056
52.500 0.050
52.812 0.056
54.062 0.081
53.438 0.069
52.188 0.044
50.938 0.019
53.750 0.075
53.438 0.069
52.812 0.056
53.125 0.062
53.438 0.069
53.438 0.069
53.750 0.075
53.438 0.069
53.125 0.062
52.812 0.056
52.812 0.056
53.125 0.062
54.375 0.087
54.375 0.087
55.000 0.100
55.000 0.100
55.625 0.112
54.375 0.087
54.688 0.094
54.062 0.081
54.688 0.094
53.750 0.075
55.000 0.100
55.625 0.112
55.312 0.106
55.625 0.113
55.312 0.106
55.312 0.106
55.937 0.119
56.250 0.125
56.563 0.131
55.937 0.119
57.500 0.150
55.937 0.119
58.750 0.175
56.563 0.131
56.875 0.138
57.188 0.144
58.125 0.163
56.563 0.131
58.438 0.169
56.875 0.137
56.875 0.137
58.750 0.175
58.125 0.163
59.062 0.181
57.812 0.156
58.125 0.163
60.000 0.200
59.062 0.181
58.750 0.175
58.750 0.175
58.125 0.163
58.125 0.163
59.375 0.188
59.688 0.194
60.000 0.200
59.688 0.194
59.375 0.188
59.375 0.188
58.750 0.175
59.688 0.194
59.375 0.188
59.062 0.181
58.125 0.163
59.375 0.188
58.438 0.169
58.125 0.163
58.750 0.175
59.688 0.194
60.625 0.212
61.562 0.231
60.625 0.212
60.625 0.212
60.625 0.213
58.750 0.175
59.688 0.194
59.062 0.181
61.562 0.231
60.625 0.212
60.938 0.219
60.625 0.212
61.250 0.225
60.625 0.212
60.938 0.219
60.938 0.219
62.813 0.256
62.500 0.250
63.438 0.269
62.813 0.256
61.875 0.238
63.125 0.262
62.187 0.244
61.875 0.238
63.125 0.262
64.375 0.288
63.750 0.275
64.688 0.294
65.000 0.300
63.438 0.269
65.000 0.300
65.000 0.300
64.688 0.294
65.000 0.300
64.375 0.288
63.750 0.275
64.375 0.288
64.062 0.281
64.688 0.294
65.938 0.319
65.312 0.306
64.375 0.288
65.625 0.312
65.000 0.300
65.938 0.319
65.625 0.312
64.688 0.294
64.688 0.294
64.688 0.294
65.938 0.319
65.312 0.306
65.312 0.306
65.625 0.312
65.938 0.319
67.188 0.344
67.500 0.350
67.188 0.344
67.812 0.356
67.812 0.356
66.875 0.337
67.188 0.344
66.875 0.337
67.188 0.344
67.500 0.350
69.062 0.381
68.438 0.369
69.375 0.387
69.375 0.387
69.688 0.394
68.438 0.369
68.750 0.375
68.750 0.375
69.375 0.387
70.000 0.400
69.375 0.387
70.312 0.406
70.312 0.406
72.500 0.450
71.875 0.438
70.938 0.419
71.250 0.425
70.938 0.419
71.562 0.431
69.375 0.388
70.625 0.413
71.875 0.438
71.562 0.431
73.438 0.469
74.375 0.487
73.750 0.475
73.438 0.469
75.000 0.500
74.688 0.494
73.750 0.475
72.812 0.456
74.062 0.481
75.625 0.513
75.625 0.513
75.625 0.513
75.312 0.506
76.562 0.531
74.688 0.494
75.312 0.506
73.750 0.475
76.562 0.531
75.312 0.506
76.875 0.538
75.625 0.513
75.938 0.519
76.562 0.531
77.188 0.544
78.438 0.569
76.875 0.538
78.125 0.562
76.875 0.538
77.188 0.544
76.875 0.538
77.500 0.550
78.438 0.569
77.812 0.556
78.750 0.575
80.000 0.600
80.000 0.600
80.625 0.613
79.062 0.581
77.812 0.556
77.812 0.556
78.438 0.569
79.062 0.581
79.688 0.594
80.000 0.600
79.688 0.594
80.312 0.606
80.000 0.600
80.312 0.606
80.000 0.600
80.000 0.600
81.562 0.631
80.000 0.600
80.938 0.619
80.625 0.613
81.875 0.637
81.250 0.625
81.562 0.631
81.250 0.625
80.000 0.600
82.500 0.650
83.125 0.663
84.375 0.688
82.812 0.656
83.125 0.663
82.812 0.656
84.375 0.688
84.062 0.681
83.438 0.669
84.062 0.681
84.688 0.694
83.750 0.675
84.062 0.681
85.625 0.712
83.750 0.675
85.312 0.706
85.312 0.706
85.312 0.706
85.000 0.700
85.000 0.700
85.625 0.712
86.250 0.725
85.000 0.700
86.875 0.738
85.625 0.712
86.250 0.725
86.250 0.725
85.625 0.712
86.562 0.731
86.562 0.731
86.875 0.738
86.562 0.731
88.438 0.769
87.188 0.744
88.125 0.762
88.438 0.769
86.875 0.738
87.188 0.744
87.500 0.750
86.562 0.731
88.438 0.769
88.125 0.762
89.062 0.781
90.000 0.800
89.375 0.788
88.438 0.769
88.438 0.769
89.062 0.781
89.062 0.781
89.375 0.788
88.750 0.775
90.312 0.806
90.625 0.812
90.625 0.812
90.000 0.800
89.375 0.788
90.312 0.806
90.000 0.800
91.562 0.831
90.000 0.800
90.312 0.806
90.938 0.819
90.938 0.819
90.625 0.812
91.250 0.825
90.938 0.819
91.875 0.837
91.562 0.831
91.562 0.831
92.188 0.844
90.938 0.819
91.562 0.831
92.500 0.850
91.875 0.837
92.188 0.844
92.812 0.856
92.812 0.856
92.500 0.850
92.812 0.856
91.250 0.825
91.875 0.837
92.500 0.850
91.875 0.837
94.062 0.881
93.750 0.875
92.812 0.856
93.438 0.869
92.812 0.856
92.188 0.844
93.750 0.875
93.438 0.869
93.438 0.869
93.438 0.869
92.812 0.856
94.375 0.888
94.062 0.881
94.375 0.888
94.062 0.881
93.438 0.869
94.375 0.888
93.438 0.869
93.438 0.869
93.438 0.869
93.750 0.875
94.062 0.881
93.438 0.869
94.062 0.881
93.750 0.875
93.750 0.875
94.375 0.888
93.125 0.862
92.812 0.856
94.062 0.881
94.062 0.881
94.375 0.888
94.375 0.888
93.750 0.875
94.062 0.881
93.750 0.875
93.750 0.875
93.750 0.875
94.375 0.887
92.812 0.856
94.688 0.894
94.375 0.888
94.375 0.888
96.250 0.925
94.688 0.894
95.000 0.900
94.375 0.887
94.375 0.887
93.750 0.875
95.312 0.906
94.375 0.887
95.312 0.906
95.625 0.913
94.375 0.888
95.312 0.906
95.000 0.900
95.312 0.906
95.938 0.919
95.625 0.913
95.000 0.900
95.938 0.919
95.312 0.906
95.938 0.919
95.938 0.919
95.625 0.913
95.938 0.919
95.000 0.900
95.625 0.913
95.938 0.919
96.562 0.931
95.312 0.906
95.938 0.919
95.625 0.913
95.938 0.919
95.938 0.919
95.938 0.919
96.250 0.925
96.562 0.931
96.562 0.931
97.188 0.944
96.250 0.925
95.625 0.913
96.562 0.931
95.938 0.919
96.250 0.925
95.938 0.919
96.562 0.931
96.875 0.938
96.875 0.938
96.875 0.938
97.188 0.944
96.875 0.938
95.938 0.919
96.562 0.931
97.188 0.944
96.562 0.931
97.188 0.944
96.875 0.938
96.875 0.938
97.500 0.950
96.875 0.938
97.188 0.944
96.875 0.938
97.500 0.950
96.875 0.938
97.812 0.956
97.188 0.944
96.875 0.938
97.188 0.944
97.188 0.944
97.188 0.944
96.562 0.931
96.875 0.938
97.188 0.944
97.188 0.944
96.562 0.931
97.188 0.944
97.188 0.944
96.562 0.931
97.500 0.950
96.875 0.938
96.562 0.931
96.875 0.938
96.875 0.938
96.875 0.938
97.812 0.956
97.500 0.950
97.188 0.944
97.812 0.956
97.500 0.950
97.188 0.944
97.500 0.950
97.188 0.944
96.562 0.931
96.875 0.938
96.875 0.938
97.188 0.944
96.562 0.931
97.188 0.944
97.188 0.944
97.188 0.944
97.188 0.944
97.188 0.944
97.188 0.944
96.875 0.938
97.188 0.944
96.875 0.938
97.188 0.944
97.500 0.950
96.875 0.938
97.188 0.944
97.188 0.944
96.875 0.938
96.875 0.938
96.875 0.938
96.875 0.938
96.875 0.938
96.875 0.938
96.875 0.938
96.875 0.938
96.875 0.938
96.875 0.938
96.875 0.938
96.875 0.938
96.875 0.938
96.875 0.938
96.875 0.938
96.875 0.938
96.875 0.938
96.875 0.938
96.875 0.938
96.875 0.938
96.562 0.931
96.250 0.925
96.875 0.938
96.875 0.938
96.562 0.931
96.875 0.938
96.875 0.938
96.875 0.938
96.875 0.938
96.875 0.938
96.562 0.931
96.875 0.938
96.562 0.931
96.875 0.938
95.625 0.913
96.250 0.925
96.250 0.925
95.938 0.919
96.250 0.925
95.938 0.919
96.562 0.931
96.562 0.931
96.875 0.938
96.250 0.925
96.562 0.931
96.250 0.925
95.938 0.919
95.938 0.919
95.938 0.919
95.938 0.919
95.938 0.919
96.562 0.931
96.562 0.931
96.250 0.925
96.250 0.925
96.250 0.925
96.250 0.925
95.938 0.919
95.938 0.919
95.938 0.919
95.938 0.919
95.625 0.913
96.562 0.931
95.938 0.919
96.875 0.938
95.938 0.919
95.938 0.919
95.938 0.919
95.938 0.919
96.250 0.925
96.250 0.925
95.938 0.919
96.562 0.931
96.250 0.925
95.938 0.919
96.562 0.931
96.250 0.925
96.562 0.931
96.875 0.938
96.250 0.925
96.250 0.925
96.250 0.925
96.250 0.925
96.250 0.925
95.938 0.919
96.250 0.925
96.562 0.931
96.250 0.925
96.562 0.931
95.938 0.919
95.938 0.919
96.250 0.925
96.562 0.931
95.938 0.919
95.938 0.919
96.250 0.925
96.562 0.931
96.250 0.925
95.938 0.919
96.250 0.925
96.250 0.925
95.938 0.919
95.938 0.919
96.250 0.925
96.250 0.925
96.562 0.931
96.250 0.925
96.250 0.925
96.250 0.925
95.625 0.913
95.312 0.906
95.625 0.913
96.250 0.925
95.938 0.919
95.625 0.913
95.625 0.913
95.312 0.906
95.000 0.900
94.688 0.894
95.312 0.906
95.000 0.900
95.625 0.913
95.625 0.913
95.312 0.906
95.625 0.913
95.312 0.906
95.312 0.906
95.000 0.900
95.000 0.900
95.000 0.900
95.312 0.906
95.000 0.900
95.312 0.906
95.000 0.900
95.312 0.906
95.000 0.900
95.000 0.900
95.625 0.913
95.938 0.919
95.625 0.913
95.625 0.913
96.250 0.925
95.312 0.906
95.312 0.906
95.312 0.906
95.000 0.900
95.312 0.906
95.312 0.906
95.000 0.900
95.625 0.913
94.688 0.894
94.688 0.894
95.312 0.906
95.625 0.913
95.000 0.900
94.688 0.894
95.000 0.900
94.688 0.894
95.000 0.900
95.312 0.906
95.625 0.913
95.625 0.913
95.000 0.900
94.688 0.894
95.000 0.900
94.375 0.887
95.000 0.900
95.625 0.913
94.688 0.894
95.000 0.900
94.375 0.888
94.688 0.894
95.000 0.900
94.688 0.894
95.000 0.900
95.000 0.900
95.000 0.900
95.312 0.906
95.312 0.906
95.000 0.900
95.000 0.900
95.000 0.900
95.000 0.900
94.375 0.888
94.375 0.888
95.000 0.900
94.688 0.894
94.375 0.887
94.688 0.894
95.312 0.906
94.688 0.894
94.375 0.888
94.062 0.881
95.625 0.913
94.688 0.894
95.000 0.900
94.688 0.894
94.688 0.894
94.375 0.888
94.375 0.887
94.375 0.888
94.375 0.887
94.688 0.894
94.375 0.888
95.312 0.906
95.312 0.906
95.312 0.906
95.625 0.913
95.000 0.900
94.062 0.881
93.750 0.875
95.000 0.900
94.062 0.881
94.688 0.894
95.000 0.900
95.312 0.906
94.688 0.894
94.375 0.888
94.062 0.881
94.062 0.881
93.750 0.875
92.812 0.856
94.375 0.887
93.125 0.863
94.062 0.881
93.125 0.862
93.438 0.869
93.438 0.869
93.438 0.869
93.438 0.869
92.188 0.844
93.750 0.875
93.125 0.863
93.125 0.862
92.188 0.844
92.188 0.844
92.500 0.850
92.500 0.850
92.812 0.856
92.500 0.850
92.812 0.856
92.188 0.844
92.812 0.856
92.188 0.844
92.188 0.844
92.188 0.844
92.500 0.850
92.812 0.856
92.188 0.844
91.562 0.831
91.250 0.825
92.188 0.844
91.875 0.837
92.812 0.856
92.188 0.844
91.875 0.837
92.812 0.856
92.500 0.850
93.125 0.863
91.562 0.831
92.188 0.844
91.562 0.831
92.188 0.844
91.562 0.831
91.875 0.837
92.812 0.856
92.812 0.856
92.188 0.844
92.188 0.844
91.875 0.837
91.875 0.837
92.188 0.844
91.250 0.825
91.562 0.831
92.500 0.850
91.250 0.825
91.562 0.831
91.562 0.831
91.250 0.825
91.875 0.837
91.562 0.831
91.875 0.837
91.562 0.831
92.188 0.844
91.562 0.831
91.875 0.837
91.562 0.831
91.875 0.837
91.875 0.837
91.562 0.831
90.938 0.819
91.562 0.831
91.875 0.837
91.875 0.837
91.875 0.837
91.562 0.831
91.875 0.837
91.250 0.825
91.875 0.837
91.250 0.825
91.875 0.837
91.562 0.831
91.875 0.837
90.625 0.812
91.250 0.825
91.562 0.831
91.562 0.831
91.562 0.831
91.250 0.825
91.562 0.831
91.250 0.825
91.250 0.825
91.250 0.825
90.625 0.812
91.250 0.825
90.938 0.819
91.250 0.825
91.562 0.831
91.875 0.837
90.938 0.819
91.875 0.837
91.562 0.831
91.250 0.825
91.562 0.831
90.938 0.819
90.938 0.819
90.625 0.812
91.250 0.825
90.938 0.819
91.562 0.831
91.562 0.831
91.562 0.831
90.938 0.819
90.625 0.812
90.312 0.806
90.000 0.800
90.625 0.812
90.938 0.819
90.312 0.806
90.938 0.819
91.250 0.825
90.312 0.806
90.938 0.819
90.625 0.812
90.938 0.819
90.625 0.812
90.312 0.806
91.250 0.825
90.938 0.819
90.938 0.819
90.625 0.812
90.312 0.806
89.688 0.794
90.938 0.819
90.625 0.812
90.312 0.806
90.312 0.806
90.000 0.800
90.312 0.806
91.250 0.825
90.000 0.800
90.312 0.806
90.312 0.806
91.562 0.831
89.688 0.794
90.938 0.819
90.000 0.800
90.312 0.806
89.688 0.794
90.312 0.806
90.000 0.800
90.000 0.800
90.938 0.819
89.688 0.794
90.625 0.812
90.000 0.800
89.688 0.794
90.312 0.806
89.375 0.788
90.625 0.812
90.938 0.819
90.938 0.819
90.000 0.800
90.312 0.806
90.312 0.806
88.438 0.769
88.750 0.775
89.375 0.788
89.688 0.794
89.375 0.788
89.375 0.788
89.375 0.788
89.688 0.794
89.375 0.788
89.062 0.781
87.812 0.756
87.500 0.750
88.750 0.775
88.438 0.769
88.750 0.775
89.062 0.781
88.750 0.775
88.750 0.775
88.438 0.769
88.438 0.769
88.438 0.769
88.125 0.762
88.125 0.762
88.438 0.769
87.812 0.756
88.750 0.775
89.375 0.788
89.062 0.781
89.062 0.781
88.750 0.775
88.750 0.775
88.438 0.769
88.438 0.769
87.812 0.756
88.438 0.769
87.812 0.756
88.438 0.769
88.125 0.763
88.750 0.775
88.750 0.775
88.750 0.775
89.062 0.781
88.438 0.769
88.750 0.775
88.125 0.763
88.750 0.775
88.438 0.769
87.812 0.756
88.438 0.769
88.438 0.769
88.750 0.775
88.125 0.762
88.750 0.775
88.750 0.775
88.438 0.769
88.438 0.769
87.500 0.750
87.812 0.756
87.812 0.756
87.500 0.750
88.750 0.775
87.812 0.756
88.438 0.769
88.438 0.769
89.375 0.788
88.750 0.775
89.062 0.781
89.062 0.781
87.500 0.750
88.125 0.762
87.812 0.756
88.125 0.762
88.750 0.775
88.750 0.775
89.062 0.781
88.125 0.762
87.188 0.744
87.188 0.744
87.188 0.744
87.188 0.744
87.500 0.750
87.812 0.756
87.500 0.750
87.812 0.756
86.562 0.731
86.875 0.738
87.188 0.744
86.250 0.725
86.562 0.731
85.938 0.719
87.188 0.744
87.500 0.750
87.812 0.756
86.875 0.738
87.812 0.756
86.875 0.737
86.562 0.731
85.938 0.719
86.875 0.738
86.875 0.738
86.562 0.731
87.812 0.756
87.188 0.744
87.500 0.750
86.875 0.738
86.562 0.731
86.875 0.737
85.938 0.719
86.875 0.738
86.562 0.731
87.812 0.756
86.875 0.737
87.188 0.744
86.562 0.731
86.250 0.725
85.938 0.719
85.312 0.706
85.938 0.719
84.688 0.694
86.250 0.725
86.562 0.731
86.875 0.738
86.562 0.731
86.562 0.731
86.875 0.738
86.562 0.731
85.625 0.712
85.938 0.719
85.312 0.706
85.625 0.712
86.562 0.731
87.500 0.750
86.562 0.731
87.188 0.744
87.188 0.744
87.188 0.744
86.562 0.731
85.312 0.706
85.625 0.712
85.312 0.706
85.938 0.719
86.562 0.731
86.250 0.725
86.875 0.737
86.875 0.738
87.500 0.750
86.562 0.731
86.875 0.737
86.250 0.725
86.250 0.725
85.938 0.719
86.250 0.725
86.562 0.731
86.562 0.731
87.188 0.744
86.875 0.738
85.938 0.719
86.250 0.725
86.250 0.725
86.562 0.731
85.938 0.719
85.312 0.706
85.312 0.706
85.938 0.719
85.312 0.706
85.938 0.719
85.938 0.719
85.938 0.719
85.000 0.700
85.000 0.700
85.625 0.712
85.938 0.719
85.000 0.700
85.000 0.700
84.688 0.694
85.000 0.700
84.688 0.694
86.250 0.725
85.312 0.706
84.375 0.688
85.938 0.719
85.625 0.712
85.625 0.712
85.938 0.719
85.000 0.700
85.000 0.700
85.312 0.706
85.000 0.700
86.562 0.731
86.250 0.725
85.312 0.706
86.875 0.738
85.312 0.706
86.875 0.738
85.938 0.719
86.875 0.738
85.625 0.712
87.188 0.744
85.938 0.719
85.625 0.712
86.562 0.731
86.250 0.725
86.250 0.725
86.250 0.725
86.562 0.731
85.312 0.706
87.188 0.744
86.250 0.725
85.625 0.712
86.875 0.738
85.938 0.719
86.562 0.731
85.312 0.706
86.250 0.725
85.312 0.706
86.250 0.725
84.688 0.694
86.562 0.731
84.688 0.694
85.000 0.700
86.562 0.731
84.688 0.694
86.562 0.731
85.625 0.712
86.562 0.731
84.688 0.694
85.938 0.719
85.000 0.700
85.000 0.700
85.938 0.719
85.312 0.706
86.250 0.725
84.688 0.694
85.938 0.719
85.625 0.712
85.625 0.712
85.312 0.706
85.625 0.712
87.188 0.744
