# Accuracy (%) - Kappa coefficient
47.188 -0.056
47.812 -0.044
48.125 -0.038
46.562 -0.069
46.875 -0.062
46.250 -0.075
44.688 -0.106
48.125 -0.037
47.812 -0.044
47.500 -0.050
46.562 -0.069
47.500 -0.050
48.125 -0.038
48.125 -0.037
48.750 -0.025
48.125 -0.037
46.875 -0.062
44.688 -0.106
47.188 -0.056
48.125 -0.038
47.188 -0.056
47.812 -0.044
47.188 -0.056
47.188 -0.056
46.250 -0.075
47.188 -0.056
49.062 -0.019
47.812 -0.044
47.188 -0.056
47.188 -0.056
48.125 -0.037
47.188 -0.056
48.125 -0.037
48.750 -0.025
47.500 -0.050
47.812 -0.044
46.875 -0.062
50.000 0.000
49.688 -0.006
48.438 -0.031
47.500 -0.050
45.312 -0.094
46.250 -0.075
47.812 -0.044
48.125 -0.038
47.812 -0.044
48.438 -0.031
47.500 -0.050
47.188 -0.056
44.688 -0.106
44.688 -0.106
45.625 -0.087
45.938 -0.081
47.500 -0.050
47.188 -0.056
47.188 -0.056
47.188 -0.056
46.250 -0.075
48.750 -0.025
48.438 -0.031
49.688 -0.006
46.250 -0.075
47.188 -0.056
47.500 -0.050
49.062 -0.019
47.188 -0.056
49.375 -0.012
49.375 -0.012
47.812 -0.044
49.688 -0.006
46.875 -0.062
48.438 -0.031
46.875 -0.062
48.750 -0.025
49.062 -0.019
49.688 -0.006
48.438 -0.031
47.500 -0.050
47.812 -0.044
46.562 -0.069
49.062 -0.019
47.500 -0.050
48.750 -0.025
48.125 -0.037
47.500 -0.050
48.750 -0.025
47.500 -0.050
47.500 -0.050
48.438 -0.031
48.750 -0.025
49.062 -0.019
48.750 -0.025
49.062 -0.019
49.688 -0.006
48.438 -0.031
48.438 -0.031
48.125 -0.037
48.438 -0.031
49.688 -0.006
48.750 -0.025
47.500 -0.050
48.750 -0.025
48.750 -0.025
50.313 0.006
48.438 -0.031
48.750 -0.025
49.688 -0.006
49.688 -0.006
51.250 0.025
49.375 -0.013
48.438 -0.031
46.250 -0.075
46.250 -0.075
47.812 -0.044
48.125 -0.037
50.000 0.000
50.938 0.019
50.000 0.000
48.750 -0.025
47.188 -0.056
47.500 -0.050
48.125 -0.038
48.125 -0.037
49.688 -0.006
48.750 -0.025
51.250 0.025
49.062 -0.019
48.750 -0.025
50.000 0.000
47.812 -0.044
49.062 -0.019
47.500 -0.050
47.500 -0.050
47.500 -0.050
48.438 -0.031
48.125 -0.037
48.438 -0.031
48.750 -0.025
49.375 -0.013
48.750 -0.025
46.875 -0.062
47.812 -0.044
49.062 -0.019
49.062 -0.019
49.375 -0.013
49.688 -0.006
49.688 -0.006
49.062 -0.019
49.375 -0.012
48.750 -0.025
48.438 -0.031
47.812 -0.044
48.125 -0.037
48.125 -0.037
49.062 -0.019
49.688 -0.006
48.125 -0.037
49.375 -0.012
49.062 -0.019
48.438 -0.031
48.750 -0.025
45.938 -0.081
47.500 -0.050
49.062 -0.019
47.812 -0.044
48.438 -0.031
47.500 -0.050
47.812 -0.044
48.125 -0.037
50.000 0.000
48.750 -0.025
50.000 0.000
48.125 -0.037
48.750 -0.025
48.125 -0.037
49.375 -0.012
48.438 -0.031
50.938 0.019
50.938 0.019
49.688 -0.006
50.938 0.019
49.375 -0.012
48.438 -0.031
49.688 -0.006
49.375 -0.012
50.625 0.013
51.250 0.025
50.000 0.000
49.062 -0.019
50.000 0.000
50.938 0.019
50.000 0.000
50.000 0.000
50.000 0.000
49.062 -0.019
49.375 -0.013
48.750 -0.025
51.250 0.025
49.375 -0.012
50.000 0.000
49.375 -0.013
49.688 -0.006
50.313 0.006
49.062 -0.019
48.750 -0.025
50.313 0.006
49.688 -0.006
47.500 -0.050
47.500 -0.050
48.125 -0.037
47.500 -0.050
49.062 -0.019
50.625 0.012
49.688 -0.006
49.062 -0.019
48.750 -0.025
47.500 -0.050
47.812 -0.044
49.062 -0.019
49.062 -0.019
50.313 0.006
50.000 0.000
48.750 -0.025
50.625 0.012
50.000 0.000
48.125 -0.037
50.313 0.006
49.375 -0.012
48.750 -0.025
48.750 -0.025
48.750 -0.025
50.000 0.000
50.938 0.019
49.688 -0.006
50.625 0.012
51.875 0.038
49.688 -0.006
48.438 -0.031
48.438 -0.031
49.688 -0.006
50.625 0.012
50.000 0.000
50.313 0.006
50.938 0.019
49.062 -0.019
48.750 -0.025
49.375 -0.012
50.313 0.006
50.625 0.012
50.313 0.006
49.688 -0.006
49.375 -0.013
49.062 -0.019
50.000 0.000
50.313 0.006
49.062 -0.019
50.625 0.012
50.313 0.006
51.562 0.031
50.000 0.000
50.000 0.000
48.438 -0.031
46.875 -0.062
48.125 -0.038
51.250 0.025
50.313 0.006
49.062 -0.019
50.000 0.000
51.562 0.031
50.938 0.019
50.313 0.006
50.625 0.013
48.438 -0.031
48.750 -0.025
50.313 0.006
50.938 0.019
51.250 0.025
50.000 0.000
49.375 -0.012
50.000 0.000
50.313 0.006
51.250 0.025
50.938 0.019
49.688 -0.006
48.750 -0.025
49.062 -0.019
50.313 0.006
50.313 0.006
50.000 0.000
50.000 0.000
50.313 0.006
51.562 0.031
49.062 -0.019
48.750 -0.025
50.313 0.006
48.125 -0.037
50.625 0.012
50.313 0.006
50.000 0.000
48.750 -0.025
49.688 -0.006
51.250 0.025
50.000 0.000
48.125 -0.037
50.313 0.006
50.625 0.012
50.000 0.000
50.313 0.006
49.375 -0.012
49.688 -0.006
51.250 0.025
50.313 0.006
49.375 -0.012
49.688 -0.006
49.688 -0.006
47.812 -0.044
49.375 -0.012
49.688 -0.006
50.000 0.000
50.938 0.019
49.375 -0.012
47.812 -0.044
49.062 -0.019
49.062 -0.019
49.375 -0.012
50.313 0.006
48.750 -0.025
50.938 0.019
50.625 0.013
50.000 0.000
49.375 -0.012
49.062 -0.019
48.750 -0.025
48.438 -0.031
50.313 0.006
49.375 -0.012
50.625 0.012
49.375 -0.012
48.750 -0.025
48.750 -0.025
49.062 -0.019
49.688 -0.006
48.438 -0.031
48.125 -0.037
49.062 -0.019
49.062 -0.019
48.125 -0.037
49.062 -0.019
48.438 -0.031
49.375 -0.012
49.375 -0.012
49.375 -0.012
48.438 -0.031
47.812 -0.044
48.125 -0.037
50.938 0.019
50.625 0.012
50.625 0.012
49.375 -0.013
48.438 -0.031
49.375 -0.013
48.438 -0.031
48.750 -0.025
50.000 0.000
49.688 -0.006
50.625 0.012
47.500 -0.050
48.750 -0.025
50.313 0.006
51.562 0.031
50.938 0.019
50.625 0.012
50.625 0.013
49.688 -0.006
49.375 -0.012
50.000 0.000
50.000 0.000
49.688 -0.006
50.313 0.006
50.938 0.019
50.625 0.012
50.938 0.019
50.625 0.012
49.375 -0.012
50.313 0.006
50.000 0.000
51.562 0.031
50.625 0.013
51.562 0.031
50.625 0.013
50.938 0.019
49.688 -0.006
50.938 0.019
50.313 0.006
50.625 0.012
49.375 -0.012
48.125 -0.037
48.750 -0.025
48.750 -0.025
50.000 0.000
50.000 0.000
51.562 0.031
50.313 0.006
49.062 -0.019
49.062 -0.019
50.625 0.012
50.313 0.006
50.938 0.019
49.375 -0.013
51.562 0.031
50.938 0.019
49.062 -0.019
48.125 -0.037
48.750 -0.025
50.625 0.012
49.375 -0.012
49.375 -0.012
49.375 -0.012
50.313 0.006
51.250 0.025
49.688 -0.006
48.750 -0.025
48.125 -0.038
49.688 -0.006
50.000 0.000
50.938 0.019
50.000 0.000
49.688 -0.006
50.000 0.000
48.750 -0.025
50.625 0.012
49.375 -0.012
50.625 0.012
49.688 -0.006
48.438 -0.031
50.000 0.000
50.313 0.006
48.750 -0.025
49.375 -0.012
49.062 -0.019
49.062 -0.019
49.375 -0.012
51.250 0.025
50.938 0.019
48.750 -0.025
49.688 -0.006
49.688 -0.006
47.500 -0.050
49.375 -0.012
49.688 -0.006
50.000 0.000
50.313 0.006
49.062 -0.019
49.062 -0.019
50.313 0.006
49.062 -0.019
48.750 -0.025
49.062 -0.019
50.625 0.012
50.938 0.019
51.562 0.031
52.500 0.050
50.938 0.019
50.938 0.019
48.750 -0.025
50.938 0.019
48.750 -0.025
50.313 0.006
50.313 0.006
49.375 -0.012
50.000 0.000
50.313 0.006
49.375 -0.012
51.562 0.031
50.938 0.019
52.188 0.044
50.625 0.012
50.000 0.000
50.000 0.000
50.000 0.000
50.625 0.013
50.000 0.000
50.625 0.013
50.625 0.013
51.562 0.031
48.750 -0.025
50.000 0.000
50.313 0.006
50.000 0.000
49.688 -0.006
49.062 -0.019
49.688 -0.006
50.625 0.012
48.438 -0.031
51.250 0.025
51.562 0.031
51.562 0.031
51.875 0.038
49.062 -0.019
50.938 0.019
50.000 0.000
50.000 0.000
48.750 -0.025
50.625 0.012
51.250 0.025
51.562 0.031
51.562 0.031
50.625 0.012
50.000 0.000
50.000 0.000
50.625 0.012
50.000 0.000
51.562 0.031
51.250 0.025
49.375 -0.012
50.313 0.006
48.438 -0.031
50.938 0.019
51.562 0.031
50.000 0.000
50.938 0.019
50.000 0.000
50.000 0.000
50.000 0.000
49.688 -0.006
51.875 0.038
50.313 0.006
50.000 0.000
50.625 0.013
49.375 -0.012
51.250 0.025
50.938 0.019
50.000 0.000
47.812 -0.044
49.375 -0.012
50.625 0.012
50.625 0.012
50.938 0.019
48.750 -0.025
50.000 0.000
50.000 0.000
50.625 0.012
49.688 -0.006
47.500 -0.050
49.375 -0.012
50.938 0.019
49.062 -0.019
49.062 -0.019
50.313 0.006
48.438 -0.031
49.375 -0.012
50.625 0.012
50.313 0.006
48.438 -0.031
49.375 -0.012
48.750 -0.025
50.000 0.000
50.000 0.000
49.062 -0.019
47.812 -0.044
47.812 -0.044
48.125 -0.037
47.812 -0.044
48.750 -0.025
50.000 0.000
50.938 0.019
49.062 -0.019
47.812 -0.044
49.688 -0.006
49.375 -0.012
50.313 0.006
49.375 -0.012
49.688 -0.006
50.625 0.013
50.313 0.006
50.000 0.000
50.625 0.012
50.625 0.012
50.313 0.006
49.375 -0.012
50.000 0.000
47.812 -0.044
48.750 -0.025
50.000 0.000
48.750 -0.025
49.688 -0.006
51.250 0.025
50.313 0.006
48.125 -0.037
48.125 -0.037
47.812 -0.044
48.438 -0.031
49.375 -0.012
48.438 -0.031
48.125 -0.038
48.438 -0.031
49.062 -0.019
48.438 -0.031
49.375 -0.012
47.500 -0.050
46.562 -0.069
46.875 -0.062
47.188 -0.056
46.875 -0.062
46.875 -0.062
46.250 -0.075
48.125 -0.037
46.250 -0.075
47.188 -0.056
46.562 -0.069
47.500 -0.050
45.000 -0.100
46.250 -0.075
46.562 -0.069
48.125 -0.037
44.062 -0.119
48.438 -0.031
48.438 -0.031
47.500 -0.050
47.500 -0.050
45.312 -0.094
45.938 -0.081
45.000 -0.100
46.250 -0.075
45.000 -0.100
45.625 -0.087
47.500 -0.050
45.938 -0.081
46.562 -0.069
45.938 -0.081
46.562 -0.069
46.875 -0.062
46.250 -0.075
44.688 -0.106
47.500 -0.050
46.875 -0.062
45.312 -0.094
45.312 -0.094
46.250 -0.075
47.812 -0.044
46.562 -0.069
45.625 -0.087
46.875 -0.062
46.562 -0.069
44.688 -0.106
46.250 -0.075
45.625 -0.087
47.188 -0.056
48.125 -0.037
48.438 -0.031
46.875 -0.062
45.312 -0.094
45.000 -0.100
45.625 -0.087
45.625 -0.088
48.750 -0.025
46.562 -0.069
45.625 -0.087
45.625 -0.087
46.250 -0.075
45.625 -0.088
46.875 -0.062
46.250 -0.075
45.312 -0.094
47.188 -0.056
45.625 -0.087
47.500 -0.050
45.938 -0.081
46.875 -0.062
46.562 -0.069
46.562 -0.069
46.250 -0.075
47.812 -0.044
48.750 -0.025
48.438 -0.031
48.750 -0.025
47.812 -0.044
48.438 -0.031
46.250 -0.075
46.875 -0.062
47.188 -0.056
46.250 -0.075
46.562 -0.069
46.250 -0.075
47.188 -0.056
48.750 -0.025
47.500 -0.050
46.562 -0.069
46.562 -0.069
45.938 -0.081
44.062 -0.119
45.938 -0.081
47.500 -0.050
47.812 -0.044
46.250 -0.075
46.875 -0.062
47.812 -0.044
47.188 -0.056
45.625 -0.087
46.250 -0.075
45.625 -0.088
44.688 -0.106
45.938 -0.081
45.938 -0.081
46.875 -0.062
48.438 -0.031
47.500 -0.050
45.625 -0.088
47.500 -0.050
46.562 -0.069
45.938 -0.081
46.875 -0.062
47.812 -0.044
47.188 -0.056
45.625 -0.087
47.188 -0.056
47.188 -0.056
46.562 -0.069
45.938 -0.081
45.938 -0.081
47.188 -0.056
45.312 -0.094
44.375 -0.113
46.250 -0.075
46.875 -0.062
45.625 -0.087
45.625 -0.087
45.625 -0.087
45.938 -0.081
46.250 -0.075
46.562 -0.069
46.250 -0.075
47.188 -0.056
46.875 -0.062
45.312 -0.094
47.500 -0.050
47.500 -0.050
46.250 -0.075
46.875 -0.062
46.875 -0.062
46.562 -0.069
45.625 -0.087
45.938 -0.081
47.500 -0.050
47.812 -0.044
46.875 -0.062
47.500 -0.050
46.562 -0.069
45.625 -0.087
47.188 -0.056
45.312 -0.094
45.000 -0.100
47.500 -0.050
45.000 -0.100
46.562 -0.069
46.562 -0.069
45.938 -0.081
48.125 -0.037
48.750 -0.025
45.312 -0.094
45.312 -0.094
45.000 -0.100
45.938 -0.081
46.562 -0.069
46.250 -0.075
45.938 -0.081
45.312 -0.094
46.250 -0.075
45.938 -0.081
45.625 -0.087
46.875 -0.062
44.688 -0.106
45.938 -0.081
44.688 -0.106
45.000 -0.100
46.250 -0.075
46.875 -0.062
44.688 -0.106
46.250 -0.075
45.312 -0.094
46.875 -0.062
47.188 -0.056
45.938 -0.081
45.625 -0.087
45.312 -0.094
44.062 -0.119
45.625 -0.087
47.500 -0.050
47.500 -0.050
46.250 -0.075
46.250 -0.075
45.312 -0.094
44.688 -0.106
46.250 -0.075
44.062 -0.119
45.625 -0.088
45.000 -0.100
45.625 -0.087
45.312 -0.094
45.000 -0.100
45.312 -0.094
44.688 -0.106
45.000 -0.100
46.250 -0.075
45.625 -0.088
45.625 -0.088
45.000 -0.100
44.375 -0.113
45.625 -0.087
45.625 -0.087
45.625 -0.088
47.188 -0.056
45.312 -0.094
45.312 -0.094
44.375 -0.113
44.688 -0.106
45.000 -0.100
45.938 -0.081
44.688 -0.106
46.562 -0.069
47.812 -0.044
46.875 -0.062
46.250 -0.075
45.938 -0.081
45.000 -0.100
45.938 -0.081
45.625 -0.087
47.500 -0.050
45.938 -0.081
46.250 -0.075
45.625 -0.088
45.312 -0.094
46.875 -0.062
47.188 -0.056
47.500 -0.050
47.812 -0.044
46.250 -0.075
45.938 -0.081
45.938 -0.081
47.500 -0.050
47.812 -0.044
47.188 -0.056
47.500 -0.050
47.812 -0.044
46.562 -0.069
46.562 -0.069
45.625 -0.088
46.250 -0.075
47.188 -0.056
48.750 -0.025
48.125 -0.037
47.188 -0.056
46.562 -0.069
46.562 -0.069
45.625 -0.088
46.250 -0.075
47.188 -0.056
48.750 -0.025
47.500 -0.050
48.438 -0.031
46.250 -0.075
46.875 -0.062
46.250 -0.075
46.250 -0.075
45.625 -0.088
46.250 -0.075
46.562 -0.069
47.500 -0.050
46.562 -0.069
48.438 -0.031
47.812 -0.044
46.562 -0.069
46.562 -0.069
47.188 -0.056
46.875 -0.062
47.500 -0.050
47.812 -0.044
46.250 -0.075
45.938 -0.081
48.438 -0.031
48.750 -0.025
48.750 -0.025
49.062 -0.019
47.188 -0.056
47.812 -0.044
47.500 -0.050
47.500 -0.050
48.438 -0.031
49.688 -0.006
50.000 0.000
49.062 -0.019
47.812 -0.044
50.000 0.000
49.375 -0.012
47.812 -0.044
48.438 -0.031
49.688 -0.006
48.438 -0.031
50.000 0.000
49.688 -0.006
49.062 -0.019
49.062 -0.019
50.313 0.006
51.562 0.031
49.375 -0.012
48.750 -0.025
49.375 -0.013
50.313 0.006
50.313 0.006
50.313 0.006
50.625 0.013
49.375 -0.012
50.625 0.012
50.313 0.006
50.313 0.006
49.375 -0.012
51.250 0.025
50.313 0.006
50.000 0.000
50.625 0.012
50.938 0.019
50.313 0.006
51.562 0.031
51.562 0.031
50.625 0.013
52.812 0.056
52.188 0.044
50.625 0.012
49.375 -0.012
50.313 0.006
49.688 -0.006
50.625 0.012
51.250 0.025
52.500 0.050
52.812 0.056
51.250 0.025
51.562 0.031
51.250 0.025
49.375 -0.012
50.625 0.012
53.438 0.069
52.500 0.050
52.188 0.044
51.875 0.038
51.875 0.038
52.188 0.044
52.500 0.050
52.500 0.050
52.188 0.044
52.500 0.050
52.188 0.044
52.500 0.050
53.125 0.062
52.188 0.044
50.938 0.019
50.625 0.012
51.250 0.025
53.125 0.062
53.125 0.062
51.875 0.038
53.438 0.069
53.438 0.069
51.562 0.031
52.188 0.044
52.500 0.050
52.188 0.044
52.188 0.044
53.125 0.062
53.438 0.069
53.125 0.062
53.438 0.069
54.062 0.081
54.375 0.087
52.188 0.044
53.438 0.069
51.562 0.031
54.375 0.087
53.438 0.069
54.375 0.087
54.688 0.094
54.688 0.094
54.375 0.087
54.062 0.081
53.125 0.062
54.688 0.094
53.438 0.069
53.438 0.069
53.750 0.075
53.438 0.069
54.688 0.094
56.563 0.131
56.250 0.125
57.188 0.144
56.250 0.125
54.688 0.094
54.062 0.081
54.375 0.087
55.625 0.113
55.000 0.100
55.625 0.112
56.875 0.137
55.312 0.106
56.563 0.131
56.250 0.125
55.000 0.100
56.563 0.131
55.625 0.113
55.312 0.106
57.188 0.144
56.875 0.137
56.250 0.125
57.500 0.150
56.250 0.125
56.875 0.137
58.125 0.163
58.438 0.169
59.062 0.181
58.750 0.175
58.125 0.163
59.688 0.194
59.375 0.188
58.125 0.163
59.062 0.181
57.500 0.150
58.438 0.169
59.062 0.181
60.312 0.206
57.188 0.144
59.062 0.181
57.188 0.144
59.062 0.181
59.062 0.181
60.312 0.206
59.688 0.194
59.375 0.188
58.750 0.175
59.375 0.188
59.375 0.188
59.375 0.188
60.625 0.212
60.312 0.206
59.062 0.181
59.062 0.181
59.375 0.188
60.312 0.206
60.312 0.206
60.312 0.206
60.312 0.206
61.250 0.225
61.250 0.225
60.312 0.206
60.625 0.212
59.688 0.194
60.938 0.219
61.562 0.231
61.250 0.225
61.562 0.231
60.625 0.212
60.000 0.200
60.938 0.219
60.312 0.206
60.625 0.212
60.625 0.212
62.500 0.250
61.250 0.225
61.562 0.231
61.562 0.231
60.312 0.206
61.562 0.231
61.250 0.225
62.187 0.244
63.125 0.262
61.875 0.238
61.250 0.225
62.500 0.250
60.625 0.212
61.562 0.231
61.562 0.231
62.500 0.250
61.875 0.237
63.125 0.263
63.438 0.269
62.187 0.244
61.875 0.238
60.625 0.213
62.813 0.256
63.750 0.275
64.375 0.288
65.000 0.300
64.375 0.288
63.750 0.275
64.688 0.294
65.000 0.300
63.438 0.269
64.688 0.294
64.062 0.281
63.438 0.269
65.938 0.319
64.688 0.294
65.625 0.312
65.938 0.319
65.000 0.300
64.375 0.288
65.000 0.300
65.312 0.306
66.250 0.325
65.312 0.306
66.562 0.331
66.250 0.325
65.938 0.319
67.500 0.350
67.188 0.344
65.312 0.306
65.312 0.306
65.312 0.306
68.750 0.375
69.375 0.387
69.375 0.388
67.500 0.350
67.812 0.356
67.812 0.356
67.812 0.356
70.625 0.413
70.625 0.413
69.688 0.394
68.750 0.375
68.438 0.369
68.125 0.363
70.312 0.406
70.312 0.406
71.250 0.425
70.625 0.413
70.625 0.413
69.375 0.388
70.000 0.400
70.625 0.413
72.188 0.444
73.125 0.462
72.188 0.444
71.250 0.425
70.000 0.400
71.250 0.425
71.250 0.425
71.250 0.425
73.438 0.469
69.375 0.387
72.188 0.444
71.875 0.438
71.562 0.431
70.938 0.419
70.000 0.400
71.562 0.431
72.500 0.450
72.188 0.444
74.062 0.481
72.188 0.444
73.438 0.469
72.500 0.450
72.188 0.444
72.188 0.444
72.812 0.456
70.625 0.413
72.500 0.450
72.500 0.450
73.125 0.462
74.375 0.488
71.875 0.438
72.188 0.444
72.500 0.450
71.562 0.431
72.500 0.450
73.125 0.462
72.188 0.444
72.812 0.456
72.188 0.444
71.562 0.431
71.250 0.425
70.000 0.400
72.188 0.444
72.188 0.444
72.500 0.450
72.188 0.444
71.250 0.425
71.250 0.425
71.250 0.425
71.875 0.438
72.500 0.450
73.125 0.462
71.562 0.431
71.562 0.431
73.125 0.462
72.188 0.444
73.438 0.469
72.500 0.450
72.188 0.444
72.812 0.456
71.250 0.425
71.875 0.438
70.625 0.413
72.812 0.456
72.188 0.444
72.812 0.456
73.125 0.462
71.875 0.438
73.125 0.462
71.875 0.438
72.188 0.444
72.500 0.450
74.375 0.487
74.688 0.494
75.000 0.500
74.688 0.494
71.562 0.431
74.375 0.487
72.812 0.456
74.062 0.481
73.438 0.469
75.938 0.519
73.438 0.469
74.062 0.481
74.062 0.481
74.062 0.481
73.750 0.475
73.750 0.475
73.750 0.475
73.125 0.462
72.812 0.456
73.125 0.462
73.125 0.462
74.688 0.494
73.750 0.475
74.688 0.494
73.750 0.475
74.062 0.481
73.438 0.469
75.312 0.506
73.750 0.475
74.688 0.494
75.625 0.513
73.125 0.462
73.125 0.462
73.125 0.462
74.062 0.481
74.375 0.488
74.688 0.494
75.000 0.500
75.000 0.500
75.000 0.500
73.750 0.475
76.250 0.525
76.250 0.525
75.000 0.500
75.938 0.519
75.625 0.512
75.312 0.506
74.375 0.488
75.000 0.500
75.312 0.506
77.812 0.556
78.125 0.562
76.875 0.538
76.250 0.525
75.625 0.512
75.625 0.512
75.938 0.519
75.625 0.512
77.188 0.544
76.250 0.525
76.250 0.525
75.938 0.519
77.188 0.544
77.500 0.550
75.938 0.519
77.188 0.544
77.188 0.544
76.250 0.525
76.250 0.525
75.312 0.506
76.250 0.525
75.938 0.519
76.250 0.525
76.250 0.525
77.188 0.544
76.875 0.538
77.188 0.544
77.812 0.556
76.250 0.525
75.938 0.519
76.562 0.531
77.188 0.544
77.500 0.550
77.812 0.556
77.188 0.544
78.750 0.575
78.438 0.569
76.562 0.531
76.875 0.538
78.438 0.569
77.500 0.550
78.438 0.569
77.812 0.556
77.500 0.550
77.500 0.550
76.562 0.531
77.500 0.550
78.438 0.569
79.062 0.581
78.125 0.562
78.750 0.575
77.500 0.550
77.500 0.550
76.562 0.531
78.438 0.569
78.125 0.562
78.750 0.575
78.438 0.569
77.812 0.556
78.125 0.562
78.125 0.562
78.750 0.575
78.125 0.562
78.125 0.562
79.375 0.587
79.375 0.587
79.375 0.587
79.375 0.587
79.688 0.594
77.188 0.544
77.812 0.556
80.312 0.606
79.375 0.587
81.250 0.625
79.375 0.587
79.375 0.587
80.312 0.606
81.562 0.631
79.062 0.581
77.812 0.556
79.062 0.581
80.312 0.606
80.000 0.600
80.938 0.619
80.625 0.612
78.125 0.562
79.062 0.581
79.375 0.587
79.688 0.594
80.625 0.612
80.000 0.600
80.000 0.600
79.062 0.581
79.375 0.587
79.062 0.581
79.062 0.581
79.062 0.581
78.438 0.569
78.438 0.569
79.375 0.587
79.375 0.587
80.000 0.600
77.500 0.550
80.000 0.600
80.312 0.606
79.688 0.594
79.062 0.581
78.438 0.569
78.125 0.562
78.438 0.569
79.688 0.594
80.000 0.600
79.375 0.587
78.438 0.569
78.750 0.575
78.438 0.569
78.750 0.575
79.062 0.581
78.438 0.569
78.438 0.569
79.688 0.594
79.375 0.587
78.750 0.575
78.750 0.575
79.375 0.587
78.438 0.569
79.375 0.587
80.312 0.606
79.375 0.587
79.375 0.587
79.062 0.581
78.438 0.569
78.125 0.562
79.062 0.581
80.000 0.600
80.000 0.600
79.688 0.594
79.062 0.581
78.438 0.569
78.125 0.562
78.438 0.569
79.688 0.594
79.062 0.581
79.688 0.594
78.438 0.569
78.438 0.569
78.750 0.575
79.375 0.587
79.688 0.594
78.750 0.575
78.438 0.569
79.375 0.587
79.688 0.594
79.688 0.594
80.625 0.613
79.375 0.587
79.375 0.587
78.750 0.575
79.062 0.581
79.688 0.594
79.375 0.587
79.688 0.594
79.062 0.581
79.688 0.594
80.000 0.600
80.000 0.600
79.375 0.587
79.375 0.587
79.062 0.581
79.375 0.587
79.375 0.587
78.125 0.562
79.375 0.587
79.062 0.581
79.062 0.581
78.750 0.575
77.500 0.550
78.750 0.575
80.000 0.600
78.438 0.569
79.062 0.581
79.062 0.581
79.375 0.587
79.062 0.581
79.688 0.594
79.375 0.587
77.500 0.550
77.812 0.556
78.125 0.562
79.062 0.581
79.375 0.587
77.812 0.556
78.438 0.569
77.500 0.550
78.750 0.575
78.438 0.569
78.125 0.562
77.188 0.544
77.188 0.544
77.812 0.556
78.438 0.569
78.125 0.562
78.125 0.562
77.812 0.556
78.125 0.562
77.500 0.550
78.438 0.569
78.438 0.569
77.500 0.550
77.500 0.550
77.812 0.556
78.125 0.562
77.188 0.544
77.812 0.556
78.125 0.562
78.438 0.569
78.438 0.569
76.875 0.538
77.500 0.550
77.188 0.544
76.875 0.538
77.500 0.550
77.500 0.550
77.812 0.556
78.125 0.562
78.750 0.575
78.125 0.562
78.438 0.569
78.125 0.562
76.875 0.538
77.500 0.550
75.938 0.519
77.812 0.556
77.500 0.550
77.500 0.550
77.500 0.550
76.562 0.531
75.625 0.512
76.250 0.525
76.562 0.531
77.188 0.544
77.500 0.550
77.500 0.550
78.125 0.562
77.812 0.556
77.500 0.550
77.500 0.550
78.438 0.569
77.188 0.544
76.562 0.531
76.875 0.538
77.500 0.550
76.250 0.525
78.438 0.569
78.125 0.562
76.562 0.531
77.500 0.550
77.188 0.544
75.938 0.519
76.562 0.531
76.562 0.531
75.625 0.513
76.875 0.538
76.250 0.525
75.938 0.519
76.250 0.525
75.625 0.513
75.938 0.519
75.625 0.513
75.938 0.519
75.625 0.512
75.312 0.506
75.312 0.506
75.938 0.519
75.000 0.500
75.312 0.506
75.000 0.500
74.688 0.494
75.312 0.506
75.000 0.500
75.312 0.506
75.000 0.500
74.688 0.494
73.750 0.475
75.312 0.506
75.312 0.506
74.375 0.487
74.688 0.494
74.375 0.487
74.688 0.494
74.375 0.488
75.000 0.500
74.062 0.481
74.375 0.487
74.375 0.487
75.000 0.500
75.000 0.500
75.000 0.500
74.062 0.481
73.750 0.475
74.688 0.494
73.750 0.475
73.125 0.462
73.750 0.475
75.938 0.519
75.625 0.512
75.938 0.519
74.375 0.487
73.125 0.462
73.750 0.475
73.750 0.475
73.438 0.469
73.750 0.475
75.312 0.506
75.625 0.512
74.375 0.488
74.375 0.488
74.688 0.494
74.062 0.481
74.688 0.494
74.688 0.494
76.250 0.525
76.250 0.525
75.625 0.512
75.625 0.512
75.938 0.519
75.938 0.519
75.000 0.500
74.375 0.488
75.312 0.506
75.312 0.506
75.938 0.519
75.312 0.506
75.000 0.500
75.312 0.506
75.625 0.512
75.625 0.512
75.625 0.513
75.312 0.506
75.000 0.500
75.625 0.512
75.625 0.512
75.000 0.500
75.000 0.500
76.562 0.531
76.875 0.538
75.312 0.506
75.938 0.519
76.250 0.525
76.250 0.525
75.000 0.500
74.375 0.488
75.312 0.506
76.250 0.525
75.000 0.500
75.000 0.500
75.000 0.500
76.250 0.525
75.312 0.506
75.938 0.519
74.375 0.487
73.750 0.475
75.625 0.512
74.375 0.488
74.688 0.494
75.625 0.513
75.625 0.513
75.312 0.506
74.375 0.488
73.438 0.469
73.750 0.475
74.688 0.494
75.625 0.513
76.562 0.531
75.938 0.519
74.375 0.488
75.312 0.506
74.375 0.488
74.062 0.481
75.312 0.506
75.625 0.512
74.375 0.488
75.625 0.512
75.625 0.513
75.312 0.506
75.938 0.519
75.625 0.513
75.000 0.500
75.938 0.519
75.000 0.500
74.688 0.494
75.625 0.512
75.000 0.500
75.625 0.512
75.000 0.500
76.250 0.525
75.625 0.512
74.062 0.481
75.938 0.519
75.312 0.506
75.312 0.506
74.062 0.481
75.000 0.500
75.938 0.519
76.250 0.525
75.000 0.500
75.312 0.506
75.625 0.512
76.562 0.531
75.312 0.506
74.688 0.494
74.375 0.488
74.062 0.481
74.062 0.481
75.625 0.512
75.312 0.506
76.562 0.531
75.625 0.513
74.375 0.488
74.688 0.494
75.938 0.519
75.938 0.519
75.625 0.513
75.938 0.519
76.562 0.531
76.875 0.538
75.938 0.519
75.938 0.519
75.625 0.513
75.625 0.512
74.688 0.494
75.625 0.512
74.375 0.488
75.625 0.512
75.000 0.500
75.625 0.512
75.938 0.519
75.625 0.512
75.000 0.500
74.062 0.481
74.688 0.494
75.625 0.513
74.688 0.494
75.625 0.512
76.250 0.525
75.000 0.500
75.938 0.519
75.312 0.506
74.688 0.494
75.000 0.500
73.750 0.475
74.375 0.488
74.062 0.481
74.688 0.494
74.375 0.488
74.688 0.494
74.375 0.488
73.438 0.469
73.438 0.469
75.312 0.506
75.000 0.500
72.812 0.456
75.000 0.500
73.125 0.462
73.750 0.475
74.375 0.487
74.375 0.488
73.125 0.462
72.812 0.456
74.062 0.481
75.312 0.506
75.312 0.506
75.000 0.500
74.688 0.494
73.125 0.462
73.125 0.462
73.125 0.462
74.688 0.494
73.438 0.469
74.062 0.481
74.688 0.494
74.375 0.488
74.688 0.494
73.750 0.475
73.750 0.475
74.375 0.488
74.062 0.481
74.062 0.481
73.438 0.469
72.812 0.456
73.750 0.475
72.500 0.450
73.438 0.469
73.750 0.475
74.062 0.481
73.125 0.462
73.125 0.462
73.438 0.469
73.750 0.475
72.500 0.450
71.875 0.438
72.812 0.456
72.812 0.456
74.062 0.481
74.688 0.494
71.875 0.438
72.812 0.456
72.812 0.456
72.812 0.456
71.562 0.431
71.250 0.425
72.188 0.444
72.812 0.456
71.875 0.438
71.562 0.431
72.500 0.450
72.188 0.444
72.188 0.444
71.250 0.425
72.500 0.450
72.188 0.444
71.875 0.438
70.312 0.406
70.625 0.413
71.875 0.438
70.625 0.413
70.938 0.419
70.625 0.413
70.312 0.406
71.250 0.425
71.250 0.425
72.500 0.450
70.625 0.413
70.312 0.406
70.312 0.406
70.625 0.413
70.625 0.413
70.938 0.419
71.562 0.431
70.938 0.419
71.250 0.425
71.250 0.425
70.938 0.419
71.562 0.431
70.312 0.406
70.938 0.419
71.875 0.438
72.188 0.444
72.500 0.450
71.562 0.431
70.938 0.419
70.625 0.413
71.562 0.431
71.250 0.425
71.562 0.431
70.938 0.419
72.188 0.444
71.562 0.431
71.250 0.425
71.250 0.425
70.000 0.400
72.500 0.450
71.562 0.431
71.875 0.438
70.625 0.413
70.312 0.406
71.562 0.431
71.562 0.431
72.188 0.444
72.500 0.450
72.500 0.450
71.875 0.438
72.500 0.450
72.188 0.444
71.250 0.425
72.812 0.456
71.875 0.438
72.188 0.444
72.500 0.450
73.125 0.462
71.875 0.438
71.250 0.425
71.250 0.425
71.875 0.438
72.188 0.444
71.250 0.425
71.250 0.425
70.938 0.419
70.938 0.419
70.312 0.406
71.250 0.425
70.625 0.413
71.562 0.431
71.250 0.425
70.000 0.400
72.188 0.444
72.188 0.444
71.562 0.431
71.250 0.425
69.688 0.394
69.375 0.388
69.375 0.388
70.312 0.406
70.312 0.406
70.312 0.406
71.875 0.438
70.625 0.413
70.000 0.400
69.688 0.394
68.750 0.375
69.062 0.381
70.000 0.400
69.688 0.394
70.000 0.400
70.938 0.419
70.000 0.400
69.688 0.394
68.750 0.375
69.375 0.387
69.375 0.387
70.312 0.406
70.938 0.419
68.438 0.369
69.688 0.394
69.375 0.388
69.688 0.394
69.062 0.381
70.000 0.400
69.688 0.394
70.625 0.413
70.000 0.400
70.000 0.400
70.000 0.400
69.062 0.381
70.938 0.419
69.375 0.388
70.625 0.413
70.000 0.400
69.688 0.394
68.750 0.375
70.000 0.400
70.312 0.406
71.250 0.425
69.688 0.394
69.375 0.387
70.625 0.413
69.375 0.387
68.438 0.369
68.750 0.375
70.000 0.400
70.000 0.400
70.000 0.400
70.312 0.406
69.688 0.394
69.062 0.381
70.000 0.400
70.312 0.406
70.625 0.413
70.938 0.419
68.750 0.375
69.688 0.394
69.688 0.394
70.000 0.400
69.375 0.387
69.375 0.387
69.062 0.381
69.688 0.394
69.688 0.394
69.375 0.387
68.750 0.375
69.688 0.394
68.125 0.363
67.812 0.356
68.438 0.369
70.000 0.400
70.312 0.406
69.688 0.394
69.062 0.381
70.312 0.406
69.062 0.381
68.438 0.369
69.688 0.394
70.625 0.413
70.312 0.406
69.375 0.387
70.625 0.413
70.000 0.400
70.625 0.413
70.000 0.400
69.688 0.394
69.062 0.381
68.438 0.369
70.312 0.406
69.688 0.394
72.500 0.450
70.312 0.406
69.375 0.388
68.750 0.375
67.812 0.356
69.062 0.381
70.938 0.419
70.625 0.413
69.688 0.394
70.000 0.400
70.312 0.406
69.375 0.387
69.375 0.388
70.000 0.400
69.688 0.394
69.375 0.387
70.000 0.400
68.125 0.363
69.062 0.381
70.000 0.400
70.312 0.406
70.938 0.419
70.000 0.400
69.375 0.388
67.812 0.356
68.125 0.363
69.688 0.394
68.750 0.375
69.688 0.394
68.750 0.375
69.688 0.394
69.688 0.394
69.062 0.381
69.062 0.381
68.438 0.369
67.812 0.356
69.375 0.388
68.125 0.363
68.125 0.362
66.562 0.331
69.062 0.381
69.062 0.381
69.375 0.388
69.062 0.381
67.500 0.350
66.250 0.325
66.250 0.325
66.250 0.325
