# Accuracy (%) - Kappa coefficient
52.812 0.056
52.812 0.056
53.125 0.062
53.125 0.062
53.125 0.062
53.438 0.069
53.125 0.062
53.125 0.062
53.125 0.062
53.125 0.062
53.750 0.075
53.438 0.069
53.438 0.069
52.812 0.056
53.125 0.062
52.812 0.056
52.812 0.056
53.125 0.062
52.188 0.044
52.812 0.056
52.500 0.050
52.188 0.044
52.188 0.044
52.188 0.044
52.188 0.044
51.562 0.031
51.562 0.031
51.875 0.038
51.875 0.038
51.562 0.031
51.875 0.038
51.562 0.031
51.875 0.037
50.938 0.019
50.938 0.019
50.625 0.012
50.625 0.012
50.938 0.019
51.562 0.031
51.562 0.031
50.938 0.019
50.313 0.006
50.625 0.012
50.625 0.012
50.313 0.006
50.938 0.019
50.313 0.006
50.625 0.012
50.938 0.019
50.000 0.000
50.313 0.006
50.625 0.012
50.000 0.000
49.375 -0.012
50.000 0.000
50.625 0.012
50.313 0.006
50.000 0.000
50.625 0.012
50.625 0.012
49.688 -0.006
50.000 0.000
49.375 -0.013
50.625 0.012
50.000 0.000
49.375 -0.013
50.000 0.000
49.688 -0.006
49.062 -0.019
49.688 -0.006
49.375 -0.012
48.750 -0.025
50.000 0.000
49.688 -0.006
49.688 -0.006
50.313 0.006
49.062 -0.019
49.375 -0.013
50.313 0.006
49.688 -0.006
49.062 -0.019
50.000 0.000
49.375 -0.012
49.375 -0.012
50.000 0.000
49.688 -0.006
50.000 0.000
49.688 -0.006
50.000 0.000
50.000 0.000
50.000 0.000
50.313 0.006
49.688 -0.006
50.313 0.006
49.375 -0.012
50.313 0.006
50.000 0.000
50.000 0.000
50.625 0.012
49.375 -0.012
49.375 -0.012
50.000 0.000
50.000 0.000
49.062 -0.019
49.688 -0.006
49.062 -0.019
49.062 -0.019
50.000 0.000
50.000 0.000
50.000 0.000
49.688 -0.006
50.313 0.006
50.000 0.000
48.750 -0.025
48.438 -0.031
49.688 -0.006
49.062 -0.019
49.062 -0.019
50.000 0.000
50.313 0.006
49.688 -0.006
50.000 0.000
50.313 0.006
50.000 0.000
49.688 -0.006
48.750 -0.025
49.062 -0.019
49.688 -0.006
50.313 0.006
49.688 -0.006
50.000 0.000
50.000 0.000
50.000 0.000
49.688 -0.006
49.688 -0.006
49.688 -0.006
49.062 -0.019
49.375 -0.012
49.375 -0.012
49.062 -0.019
49.375 -0.012
49.375 -0.012
48.750 -0.025
48.750 -0.025
49.062 -0.019
48.750 -0.025
48.750 -0.025
49.375 -0.012
50.000 0.000
49.688 -0.006
50.000 0.000
49.688 -0.006
49.062 -0.019
48.750 -0.025
49.062 -0.019
49.688 -0.006
50.313 0.006
49.688 -0.006
49.688 -0.006
50.000 0.000
50.000 0.000
50.000 0.000
49.688 -0.006
50.000 0.000
50.625 0.012
49.688 -0.006
50.000 0.000
49.062 -0.019
48.750 -0.025
49.688 -0.006
49.688 -0.006
50.938 0.019
50.000 0.000
50.000 0.000
49.688 -0.006
49.375 -0.013
50.313 0.006
49.688 -0.006
49.688 -0.006
49.688 -0.006
49.688 -0.006
50.000 0.000
49.688 -0.006
49.688 -0.006
49.062 -0.019
49.375 -0.012
49.375 -0.012
50.625 0.012
49.688 -0.006
49.688 -0.006
50.000 0.000
49.375 -0.013
49.062 -0.019
49.062 -0.019
50.000 0.000
49.375 -0.012
49.062 -0.019
49.062 -0.019
50.000 0.000
49.375 -0.013
48.750 -0.025
48.438 -0.031
49.062 -0.019
50.313 0.006
50.000 0.000
49.375 -0.012
49.688 -0.006
49.688 -0.006
50.000 0.000
48.750 -0.025
48.750 -0.025
49.375 -0.012
49.375 -0.013
49.375 -0.013
49.688 -0.006
50.313 0.006
50.000 0.000
49.062 -0.019
49.375 -0.012
49.688 -0.006
49.062 -0.019
48.750 -0.025
49.375 -0.012
49.375 -0.012
49.688 -0.006
49.062 -0.019
49.688 -0.006
47.812 -0.044
48.125 -0.037
48.438 -0.031
49.062 -0.019
48.438 -0.031
48.750 -0.025
49.688 -0.006
50.000 0.000
50.000 0.000
49.062 -0.019
49.375 -0.013
48.438 -0.031
48.750 -0.025
48.438 -0.031
49.062 -0.019
48.438 -0.031
49.375 -0.012
49.062 -0.019
50.000 0.000
49.688 -0.006
48.750 -0.025
49.688 -0.006
49.062 -0.019
49.375 -0.013
49.688 -0.006
48.438 -0.031
48.750 -0.025
48.438 -0.031
48.438 -0.031
49.062 -0.019
48.750 -0.025
49.062 -0.019
50.313 0.006
50.625 0.012
50.938 0.019
49.688 -0.006
49.375 -0.012
49.688 -0.006
49.688 -0.006
49.375 -0.013
49.688 -0.006
49.375 -0.013
49.375 -0.013
49.688 -0.006
49.688 -0.006
50.313 0.006
51.250 0.025
51.562 0.031
50.313 0.006
50.625 0.012
49.688 -0.006
50.000 0.000
50.625 0.012
50.000 0.000
49.062 -0.019
49.688 -0.006
50.313 0.006
50.938 0.019
51.250 0.025
50.938 0.019
50.313 0.006
49.688 -0.006
49.062 -0.019
50.000 0.000
50.625 0.012
50.625 0.012
51.250 0.025
51.250 0.025
50.938 0.019
50.313 0.006
49.062 -0.019
49.688 -0.006
49.375 -0.012
50.000 0.000
50.625 0.012
50.313 0.006
50.000 0.000
49.688 -0.006
49.688 -0.006
50.000 0.000
50.625 0.012
51.250 0.025
50.625 0.012
50.000 0.000
50.000 0.000
50.000 0.000
50.313 0.006
50.313 0.006
50.313 0.006
50.313 0.006
50.313 0.006
50.313 0.006
50.313 0.006
50.625 0.012
50.313 0.006
50.313 0.006
50.313 0.006
50.313 0.006
50.938 0.019
50.938 0.019
51.250 0.025
51.250 0.025
50.938 0.019
50.938 0.019
51.250 0.025
51.250 0.025
51.250 0.025
50.938 0.019
50.625 0.012
50.313 0.006
50.313 0.006
50.313 0.006
51.250 0.025
51.250 0.025
51.562 0.031
50.625 0.012
50.625 0.012
50.938 0.019
51.250 0.025
50.938 0.019
50.938 0.019
50.625 0.012
51.875 0.038
51.875 0.038
51.562 0.031
51.875 0.038
51.562 0.031
51.250 0.025
50.625 0.012
51.250 0.025
51.250 0.025
50.625 0.012
51.562 0.031
51.250 0.025
51.562 0.031
50.938 0.019
51.250 0.025
51.562 0.031
51.875 0.038
51.875 0.037
51.875 0.037
51.875 0.038
51.562 0.031
52.500 0.050
52.188 0.044
52.188 0.044
52.188 0.044
52.188 0.044
51.562 0.031
52.812 0.056
52.500 0.050
53.125 0.062
52.188 0.044
51.875 0.038
51.875 0.038
52.500 0.050
52.188 0.044
51.562 0.031
51.875 0.038
52.500 0.050
52.812 0.056
52.812 0.056
52.500 0.050
51.562 0.031
51.875 0.037
51.875 0.038
51.250 0.025
51.562 0.031
51.875 0.038
52.188 0.044
51.875 0.038
52.500 0.050
52.812 0.056
52.188 0.044
51.875 0.038
52.188 0.044
51.562 0.031
51.250 0.025
52.188 0.044
51.562 0.031
51.875 0.037
52.500 0.050
52.812 0.056
51.875 0.038
52.812 0.056
51.875 0.038
51.250 0.025
51.562 0.031
51.875 0.038
52.812 0.056
52.188 0.044
51.562 0.031
51.250 0.025
50.000 0.000
50.313 0.006
51.562 0.031
51.250 0.025
50.938 0.019
51.875 0.037
51.250 0.025
51.250 0.025
52.500 0.050
51.875 0.038
51.562 0.031
51.562 0.031
51.875 0.037
51.250 0.025
51.250 0.025
51.250 0.025
50.938 0.019
51.562 0.031
51.250 0.025
51.562 0.031
51.562 0.031
52.500 0.050
51.875 0.037
51.250 0.025
51.250 0.025
50.625 0.012
50.938 0.019
51.562 0.031
51.250 0.025
51.562 0.031
50.938 0.019
50.000 0.000
50.313 0.006
49.688 -0.006
50.938 0.019
50.938 0.019
51.562 0.031
51.250 0.025
50.625 0.012
50.938 0.019
50.625 0.012
50.938 0.019
50.625 0.012
50.625 0.012
50.938 0.019
50.938 0.019
50.625 0.012
50.625 0.012
51.562 0.031
51.250 0.025
51.562 0.031
50.625 0.012
51.562 0.031
51.562 0.031
50.625 0.012
50.625 0.012
51.250 0.025
50.625 0.012
52.188 0.044
52.188 0.044
51.875 0.038
50.938 0.019
51.875 0.037
51.875 0.037
51.250 0.025
50.313 0.006
50.938 0.019
51.250 0.025
51.562 0.031
51.562 0.031
51.875 0.038
51.875 0.038
51.250 0.025
51.875 0.038
50.938 0.019
50.938 0.019
52.188 0.044
50.313 0.006
52.188 0.044
51.875 0.038
52.188 0.044
51.250 0.025
51.250 0.025
51.875 0.038
52.188 0.044
51.250 0.025
51.562 0.031
52.188 0.044
50.625 0.012
50.625 0.012
49.688 -0.006
50.313 0.006
51.562 0.031
50.938 0.019
50.625 0.012
51.562 0.031
51.562 0.031
51.875 0.038
52.188 0.044
52.188 0.044
51.875 0.038
50.938 0.019
51.250 0.025
51.875 0.038
50.625 0.012
50.313 0.006
51.250 0.025
51.250 0.025
50.938 0.019
50.625 0.012
50.625 0.012
51.250 0.025
50.938 0.019
50.938 0.019
51.562 0.031
50.938 0.019
50.938 0.019
50.625 0.012
50.625 0.012
51.250 0.025
50.625 0.012
50.000 0.000
50.313 0.006
50.625 0.012
50.625 0.012
50.313 0.006
50.313 0.006
49.688 -0.006
50.313 0.006
50.313 0.006
50.625 0.012
49.688 -0.006
50.313 0.006
50.000 0.000
50.313 0.006
50.000 0.000
50.000 0.000
50.938 0.019
50.313 0.006
50.625 0.012
51.250 0.025
51.250 0.025
50.000 0.000
49.688 -0.006
49.688 -0.006
48.750 -0.025
49.375 -0.012
49.688 -0.006
49.688 -0.006
49.688 -0.006
49.375 -0.013
49.688 -0.006
49.375 -0.013
49.688 -0.006
50.000 0.000
49.375 -0.012
49.688 -0.006
49.062 -0.019
50.313 0.006
49.375 -0.012
49.688 -0.006
49.375 -0.013
50.938 0.019
50.000 0.000
50.313 0.006
49.688 -0.006
48.750 -0.025
48.750 -0.025
47.812 -0.044
48.125 -0.038
48.438 -0.031
49.375 -0.012
49.375 -0.012
48.438 -0.031
49.062 -0.019
48.125 -0.037
48.125 -0.037
48.125 -0.037
49.062 -0.019
47.812 -0.044
47.812 -0.044
47.812 -0.044
47.188 -0.056
46.875 -0.062
48.438 -0.031
48.750 -0.025
47.812 -0.044
48.438 -0.031
48.438 -0.031
48.438 -0.031
49.062 -0.019
48.125 -0.038
48.125 -0.037
48.125 -0.037
49.062 -0.019
47.812 -0.044
48.750 -0.025
48.750 -0.025
47.812 -0.044
49.062 -0.019
49.375 -0.012
48.438 -0.031
48.750 -0.025
48.438 -0.031
47.500 -0.050
48.125 -0.038
48.125 -0.037
48.750 -0.025
48.438 -0.031
48.750 -0.025
48.438 -0.031
49.375 -0.013
48.438 -0.031
48.750 -0.025
47.812 -0.044
49.062 -0.019
49.375 -0.012
48.125 -0.037
48.438 -0.031
49.375 -0.012
49.062 -0.019
49.688 -0.006
50.313 0.006
50.000 0.000
49.688 -0.006
50.000 0.000
50.313 0.006
49.062 -0.019
49.062 -0.019
49.062 -0.019
49.062 -0.019
49.062 -0.019
50.000 0.000
49.375 -0.012
50.313 0.006
50.000 0.000
49.688 -0.006
49.688 -0.006
50.000 0.000
48.750 -0.025
48.438 -0.031
49.375 -0.012
49.688 -0.006
51.250 0.025
50.000 0.000
50.313 0.006
50.313 0.006
50.000 0.000
50.625 0.012
50.625 0.012
49.688 -0.006
49.688 -0.006
49.375 -0.012
49.062 -0.019
49.062 -0.019
49.062 -0.019
49.062 -0.019
49.375 -0.012
49.688 -0.006
49.688 -0.006
50.000 0.000
50.625 0.012
50.000 0.000
49.375 -0.012
49.062 -0.019
48.750 -0.025
49.688 -0.006
49.688 -0.006
50.000 0.000
50.000 0.000
50.313 0.006
50.000 0.000
50.000 0.000
50.000 0.000
49.062 -0.019
49.688 -0.006
49.688 -0.006
49.375 -0.012
48.438 -0.031
49.062 -0.019
49.062 -0.019
49.688 -0.006
49.062 -0.019
49.062 -0.019
49.062 -0.019
49.062 -0.019
49.062 -0.019
49.375 -0.012
49.375 -0.012
49.688 -0.006
50.313 0.006
50.000 0.000
48.750 -0.025
49.062 -0.019
48.750 -0.025
48.438 -0.031
49.375 -0.013
48.750 -0.025
48.125 -0.037
49.062 -0.019
49.688 -0.006
48.750 -0.025
49.688 -0.006
48.750 -0.025
50.000 0.000
49.688 -0.006
49.375 -0.012
49.062 -0.019
48.750 -0.025
48.438 -0.031
48.750 -0.025
49.375 -0.012
48.750 -0.025
49.688 -0.006
50.625 0.012
50.313 0.006
49.062 -0.019
48.750 -0.025
48.750 -0.025
48.438 -0.031
49.062 -0.019
49.062 -0.019
48.438 -0.031
49.688 -0.006
48.750 -0.025
49.062 -0.019
48.438 -0.031
48.438 -0.031
48.125 -0.037
48.438 -0.031
49.062 -0.019
48.750 -0.025
48.438 -0.031
48.125 -0.037
48.438 -0.031
48.438 -0.031
48.125 -0.037
47.812 -0.044
47.812 -0.044
48.125 -0.037
48.125 -0.037
48.750 -0.025
48.750 -0.025
48.438 -0.031
49.375 -0.012
49.375 -0.012
49.062 -0.019
48.438 -0.031
48.438 -0.031
48.125 -0.038
49.062 -0.019
49.688 -0.006
49.688 -0.006
49.062 -0.019
48.750 -0.025
48.125 -0.037
49.375 -0.012
49.062 -0.019
48.750 -0.025
48.438 -0.031
49.062 -0.019
48.438 -0.031
48.438 -0.031
49.062 -0.019
49.688 -0.006
49.375 -0.012
49.375 -0.013
49.062 -0.019
49.375 -0.012
49.062 -0.019
49.375 -0.012
49.062 -0.019
49.062 -0.019
49.375 -0.012
49.375 -0.012
49.688 -0.006
50.000 0.000
49.688 -0.006
50.000 0.000
49.688 -0.006
49.688 -0.006
49.375 -0.012
48.750 -0.025
49.375 -0.012
50.313 0.006
50.625 0.012
49.688 -0.006
49.688 -0.006
49.375 -0.012
49.062 -0.019
49.688 -0.006
49.062 -0.019
49.062 -0.019
49.375 -0.012
49.688 -0.006
49.062 -0.019
49.688 -0.006
50.000 0.000
49.688 -0.006
50.000 0.000
50.313 0.006
49.375 -0.012
49.688 -0.006
49.062 -0.019
48.750 -0.025
49.375 -0.012
49.062 -0.019
49.062 -0.019
49.062 -0.019
49.062 -0.019
49.375 -0.012
49.375 -0.013
49.375 -0.013
48.750 -0.025
49.375 -0.013
48.750 -0.025
49.062 -0.019
49.375 -0.012
49.375 -0.012
48.750 -0.025
47.812 -0.044
47.812 -0.044
47.812 -0.044
49.062 -0.019
48.750 -0.025
49.375 -0.012
49.688 -0.006
48.750 -0.025
49.375 -0.012
48.750 -0.025
49.062 -0.019
48.750 -0.025
48.125 -0.038
48.438 -0.031
47.812 -0.044
48.438 -0.031
48.750 -0.025
48.750 -0.025
48.438 -0.031
48.438 -0.031
48.438 -0.031
48.125 -0.037
47.812 -0.044
48.125 -0.037
49.062 -0.019
48.750 -0.025
48.125 -0.037
48.438 -0.031
49.375 -0.012
49.062 -0.019
49.062 -0.019
48.750 -0.025
48.438 -0.031
48.750 -0.025
48.750 -0.025
48.438 -0.031
48.438 -0.031
49.062 -0.019
48.125 -0.037
48.750 -0.025
48.125 -0.037
48.750 -0.025
49.062 -0.019
49.062 -0.019
49.688 -0.006
49.688 -0.006
49.688 -0.006
49.375 -0.012
49.375 -0.012
48.750 -0.025
48.750 -0.025
48.750 -0.025
48.438 -0.031
48.750 -0.025
49.688 -0.006
49.688 -0.006
49.375 -0.012
49.688 -0.006
50.313 0.006
50.313 0.006
49.688 -0.006
49.688 -0.006
48.438 -0.031
49.062 -0.019
49.688 -0.006
49.688 -0.006
50.313 0.006
50.625 0.012
51.250 0.025
49.375 -0.013
50.625 0.012
51.250 0.025
51.250 0.025
50.938 0.019
50.938 0.019
50.313 0.006
50.625 0.012
50.000 0.000
51.562 0.031
50.625 0.012
51.250 0.025
50.625 0.012
51.250 0.025
50.938 0.019
51.250 0.025
51.562 0.031
51.250 0.025
51.875 0.037
52.188 0.044
51.875 0.038
52.500 0.050
52.188 0.044
51.562 0.031
51.562 0.031
51.562 0.031
51.875 0.038
51.562 0.031
52.500 0.050
53.125 0.062
54.375 0.087
52.812 0.056
52.188 0.044
52.500 0.050
51.875 0.038
52.188 0.044
52.500 0.050
52.188 0.044
54.062 0.081
54.688 0.094
53.750 0.075
53.750 0.075
53.438 0.069
53.125 0.062
52.812 0.056
52.500 0.050
53.438 0.069
55.312 0.106
55.000 0.100
56.563 0.131
55.937 0.119
55.625 0.113
55.937 0.119
54.688 0.094
56.250 0.125
55.312 0.106
56.250 0.125
56.250 0.125
55.937 0.119
55.625 0.113
55.937 0.119
56.563 0.131
56.875 0.137
56.875 0.137
56.563 0.131
56.875 0.137
56.563 0.131
57.188 0.144
57.812 0.156
57.500 0.150
57.500 0.150
57.500 0.150
57.500 0.150
57.188 0.144
58.438 0.169
58.125 0.163
57.500 0.150
57.500 0.150
57.812 0.156
57.188 0.144
58.750 0.175
58.750 0.175
58.438 0.169
58.125 0.163
58.125 0.163
58.438 0.169
59.375 0.188
58.438 0.169
58.125 0.163
58.438 0.169
58.438 0.169
59.375 0.188
60.625 0.212
60.312 0.206
59.688 0.194
59.688 0.194
59.688 0.194
59.688 0.194
59.688 0.194
59.688 0.194
61.562 0.231
62.500 0.250
61.562 0.231
61.875 0.238
61.562 0.231
61.250 0.225
61.562 0.231
61.562 0.231
61.562 0.231
60.938 0.219
61.875 0.238
62.187 0.244
62.813 0.256
63.125 0.262
64.375 0.288
63.750 0.275
63.438 0.269
63.438 0.269
63.125 0.262
63.125 0.262
63.750 0.275
64.375 0.288
65.000 0.300
65.312 0.306
65.625 0.312
64.688 0.294
63.438 0.269
63.438 0.269
65.000 0.300
65.000 0.300
64.688 0.294
65.000 0.300
65.312 0.306
65.000 0.300
65.000 0.300
64.375 0.288
64.375 0.288
64.062 0.281
65.000 0.300
66.562 0.331
67.500 0.350
67.812 0.356
68.125 0.363
66.875 0.337
66.562 0.331
66.875 0.337
66.875 0.337
66.875 0.337
67.500 0.350
67.812 0.356
66.875 0.337
66.562 0.331
66.875 0.337
67.500 0.350
67.500 0.350
66.875 0.337
67.500 0.350
67.500 0.350
68.750 0.375
69.688 0.394
69.688 0.394
69.062 0.381
68.750 0.375
67.188 0.344
67.812 0.356
69.062 0.381
69.375 0.387
70.000 0.400
70.000 0.400
70.000 0.400
69.062 0.381
69.375 0.387
69.688 0.394
69.688 0.394
69.688 0.394
70.312 0.406
69.688 0.394
70.312 0.406
70.625 0.413
70.000 0.400
70.000 0.400
69.375 0.387
69.688 0.394
70.000 0.400
70.000 0.400
70.000 0.400
70.625 0.413
70.625 0.413
71.250 0.425
72.188 0.444
71.562 0.431
70.938 0.419
71.562 0.431
71.562 0.431
70.938 0.419
69.688 0.394
70.000 0.400
70.312 0.406
71.250 0.425
71.875 0.438
72.812 0.456
73.438 0.469
72.500 0.450
73.125 0.462
73.125 0.462
72.188 0.444
72.188 0.444
72.188 0.444
71.875 0.438
72.188 0.444
72.500 0.450
72.188 0.444
72.188 0.444
72.812 0.456
72.188 0.444
73.438 0.469
73.125 0.462
73.125 0.462
73.125 0.462
73.125 0.462
73.438 0.469
73.125 0.462
72.812 0.456
73.125 0.462
73.125 0.462
73.438 0.469
73.438 0.469
74.062 0.481
74.688 0.494
74.062 0.481
73.438 0.469
73.750 0.475
73.438 0.469
73.438 0.469
73.125 0.462
72.812 0.456
73.125 0.462
73.438 0.469
73.750 0.475
73.438 0.469
73.750 0.475
73.438 0.469
73.750 0.475
73.750 0.475
74.062 0.481
74.062 0.481
73.750 0.475
73.438 0.469
73.750 0.475
74.375 0.487
74.062 0.481
74.062 0.481
74.062 0.481
75.312 0.506
75.312 0.506
75.312 0.506
75.625 0.512
75.938 0.519
75.625 0.512
75.625 0.512
75.000 0.500
75.000 0.500
75.000 0.500
75.938 0.519
75.625 0.512
76.562 0.531
76.562 0.531
76.875 0.538
76.875 0.538
75.625 0.513
76.250 0.525
76.875 0.538
76.562 0.531
75.938 0.519
75.625 0.513
75.938 0.519
76.562 0.531
76.875 0.538
77.188 0.544
76.875 0.538
76.250 0.525
76.250 0.525
76.250 0.525
76.562 0.531
76.875 0.538
77.812 0.556
77.812 0.556
77.500 0.550
76.562 0.531
77.812 0.556
77.188 0.544
77.500 0.550
77.500 0.550
77.500 0.550
78.438 0.569
77.812 0.556
78.125 0.562
78.438 0.569
78.125 0.562
78.438 0.569
78.438 0.569
77.812 0.556
78.750 0.575
78.750 0.575
79.375 0.587
79.062 0.581
78.438 0.569
78.125 0.562
77.812 0.556
78.750 0.575
78.750 0.575
79.688 0.594
79.375 0.587
79.688 0.594
79.688 0.594
79.375 0.587
79.062 0.581
79.375 0.587
79.062 0.581
79.688 0.594
80.000 0.600
79.375 0.587
80.312 0.606
80.625 0.613
80.938 0.619
80.625 0.613
80.938 0.619
80.000 0.600
80.625 0.613
80.312 0.606
80.312 0.606
80.625 0.612
80.625 0.612
81.250 0.625
81.562 0.631
81.562 0.631
82.812 0.656
82.500 0.650
82.188 0.644
82.500 0.650
82.188 0.644
81.562 0.631
82.188 0.644
82.812 0.656
82.188 0.644
83.125 0.663
82.188 0.644
82.500 0.650
81.875 0.637
82.812 0.656
83.438 0.669
83.750 0.675
84.375 0.688
84.375 0.688
84.375 0.688
84.375 0.688
83.438 0.669
83.750 0.675
84.062 0.681
84.375 0.688
85.000 0.700
85.625 0.712
86.250 0.725
85.938 0.719
86.562 0.731
86.875 0.737
86.562 0.731
87.188 0.744
87.188 0.744
86.562 0.731
86.250 0.725
87.188 0.744
87.188 0.744
86.875 0.737
87.500 0.750
87.188 0.744
87.188 0.744
87.500 0.750
87.188 0.744
88.438 0.769
88.125 0.762
88.125 0.762
88.125 0.762
88.438 0.769
88.125 0.762
87.500 0.750
87.500 0.750
88.125 0.762
88.125 0.763
89.062 0.781
90.000 0.800
89.688 0.794
90.000 0.800
90.000 0.800
89.062 0.781
89.062 0.781
88.125 0.762
89.375 0.788
89.688 0.794
90.000 0.800
90.312 0.806
90.625 0.812
90.000 0.800
89.688 0.794
89.688 0.794
89.688 0.794
89.688 0.794
89.688 0.794
90.312 0.806
90.625 0.812
90.625 0.812
90.312 0.806
90.312 0.806
91.562 0.831
91.250 0.825
90.312 0.806
90.625 0.812
90.625 0.812
90.312 0.806
90.938 0.819
90.938 0.819
90.938 0.819
90.625 0.812
90.312 0.806
90.938 0.819
90.312 0.806
90.938 0.819
90.938 0.819
90.938 0.819
91.562 0.831
91.562 0.831
91.250 0.825
91.250 0.825
91.250 0.825
90.312 0.806
90.312 0.806
91.250 0.825
90.938 0.819
91.250 0.825
91.562 0.831
90.938 0.819
90.938 0.819
91.250 0.825
90.938 0.819
90.938 0.819
91.250 0.825
90.938 0.819
91.250 0.825
90.312 0.806
91.250 0.825
92.188 0.844
91.875 0.837
91.562 0.831
91.562 0.831
91.562 0.831
91.250 0.825
90.938 0.819
91.250 0.825
91.562 0.831
91.250 0.825
91.250 0.825
91.562 0.831
91.562 0.831
91.875 0.837
91.875 0.837
91.875 0.837
91.562 0.831
91.562 0.831
90.938 0.819
91.562 0.831
91.562 0.831
92.188 0.844
92.188 0.844
92.188 0.844
92.500 0.850
92.188 0.844
91.875 0.837
91.875 0.837
91.562 0.831
92.188 0.844
92.500 0.850
92.188 0.844
92.812 0.856
92.500 0.850
92.188 0.844
92.188 0.844
91.875 0.837
91.875 0.837
92.500 0.850
92.500 0.850
92.188 0.844
92.812 0.856
92.812 0.856
92.812 0.856
93.125 0.862
92.812 0.856
92.500 0.850
92.500 0.850
92.188 0.844
92.188 0.844
92.500 0.850
92.500 0.850
92.500 0.850
92.812 0.856
92.812 0.856
92.812 0.856
92.188 0.844
92.188 0.844
92.188 0.844
92.812 0.856
92.812 0.856
92.188 0.844
91.875 0.837
92.188 0.844
92.188 0.844
92.188 0.844
92.500 0.850
92.188 0.844
91.875 0.837
92.188 0.844
92.500 0.850
92.188 0.844
93.125 0.863
92.500 0.850
92.500 0.850
92.188 0.844
91.875 0.837
91.562 0.831
91.562 0.831
92.188 0.844
92.500 0.850
92.500 0.850
92.188 0.844
92.500 0.850
92.500 0.850
92.500 0.850
92.188 0.844
91.875 0.837
92.188 0.844
92.188 0.844
92.500 0.850
92.500 0.850
91.875 0.837
91.875 0.837
92.188 0.844
92.188 0.844
92.188 0.844
92.188 0.844
91.875 0.837
91.250 0.825
91.562 0.831
91.875 0.837
91.875 0.837
90.938 0.819
90.938 0.819
91.562 0.831
91.875 0.837
91.562 0.831
92.188 0.844
91.875 0.837
91.562 0.831
91.250 0.825
91.562 0.831
91.250 0.825
91.562 0.831
91.562 0.831
91.562 0.831
90.938 0.819
90.938 0.819
91.250 0.825
91.250 0.825
91.562 0.831
91.250 0.825
91.875 0.837
91.562 0.831
91.562 0.831
91.562 0.831
91.250 0.825
91.562 0.831
91.250 0.825
90.938 0.819
90.625 0.812
90.625 0.812
90.938 0.819
91.250 0.825
91.250 0.825
91.250 0.825
90.938 0.819
90.938 0.819
90.312 0.806
90.000 0.800
90.312 0.806
90.312 0.806
90.312 0.806
90.625 0.812
90.938 0.819
89.688 0.794
90.000 0.800
89.688 0.794
89.375 0.788
89.688 0.794
90.312 0.806
90.625 0.812
90.312 0.806
90.625 0.812
90.938 0.819
90.625 0.812
90.312 0.806
90.000 0.800
89.688 0.794
90.312 0.806
89.688 0.794
90.312 0.806
89.688 0.794
89.375 0.788
90.625 0.812
90.000 0.800
89.688 0.794
89.375 0.788
89.688 0.794
89.062 0.781
88.750 0.775
88.438 0.769
89.062 0.781
89.688 0.794
90.000 0.800
89.375 0.788
89.688 0.794
89.688 0.794
89.375 0.788
88.750 0.775
89.062 0.781
88.438 0.769
88.750 0.775
89.062 0.781
89.375 0.788
89.375 0.788
88.750 0.775
88.750 0.775
88.750 0.775
89.375 0.788
88.438 0.769
89.062 0.781
88.750 0.775
89.062 0.781
89.375 0.788
89.062 0.781
89.062 0.781
88.438 0.769
88.438 0.769
87.812 0.756
87.500 0.750
87.500 0.750
88.125 0.763
88.750 0.775
88.750 0.775
89.062 0.781
88.750 0.775
88.125 0.763
88.125 0.763
88.438 0.769
87.812 0.756
87.812 0.756
88.438 0.769
89.375 0.788
89.062 0.781
89.062 0.781
89.062 0.781
89.062 0.781
88.438 0.769
88.125 0.763
88.125 0.763
87.812 0.756
88.125 0.763
88.125 0.762
88.125 0.762
88.125 0.763
87.812 0.756
87.500 0.750
87.812 0.756
87.812 0.756
88.125 0.763
88.125 0.763
88.750 0.775
88.750 0.775
88.438 0.769
87.500 0.750
87.812 0.756
88.125 0.762
87.812 0.756
87.812 0.756
87.188 0.744
87.500 0.750
86.875 0.737
87.812 0.756
87.500 0.750
87.188 0.744
87.188 0.744
87.188 0.744
87.500 0.750
87.188 0.744
87.188 0.744
87.188 0.744
87.188 0.744
87.188 0.744
87.188 0.744
87.188 0.744
86.875 0.738
87.188 0.744
86.250 0.725
86.562 0.731
86.562 0.731
86.562 0.731
86.875 0.737
86.562 0.731
86.875 0.737
86.875 0.737
86.562 0.731
86.250 0.725
86.562 0.731
85.938 0.719
85.625 0.712
85.938 0.719
85.938 0.719
85.938 0.719
85.938 0.719
85.938 0.719
85.938 0.719
85.938 0.719
85.938 0.719
86.250 0.725
85.938 0.719
85.625 0.712
85.312 0.706
85.625 0.712
85.625 0.712
85.625 0.712
85.312 0.706
85.625 0.712
85.625 0.712
85.625 0.712
85.625 0.712
84.688 0.694
84.375 0.688
84.688 0.694
84.062 0.681
84.375 0.688
84.688 0.694
84.688 0.694
84.688 0.694
84.688 0.694
83.750 0.675
83.438 0.669
84.688 0.694
84.688 0.694
84.688 0.694
84.688 0.694
84.062 0.681
84.062 0.681
84.062 0.681
84.375 0.688
84.062 0.681
83.750 0.675
83.750 0.675
82.812 0.656
83.438 0.669
83.750 0.675
84.062 0.681
84.688 0.694
84.375 0.688
83.750 0.675
83.438 0.669
83.438 0.669
82.188 0.644
82.812 0.656
82.812 0.656
83.125 0.663
83.750 0.675
84.062 0.681
84.062 0.681
83.438 0.669
83.438 0.669
83.438 0.669
83.125 0.663
83.438 0.669
82.812 0.656
82.812 0.656
82.500 0.650
82.500 0.650
83.438 0.669
83.125 0.663
83.438 0.669
83.125 0.663
83.125 0.663
82.500 0.650
81.562 0.631
82.500 0.650
81.875 0.637
81.562 0.631
82.188 0.644
82.500 0.650
82.188 0.644
81.562 0.631
81.875 0.637
81.875 0.637
82.188 0.644
80.938 0.619
80.625 0.612
81.250 0.625
81.875 0.637
81.875 0.637
81.562 0.631
82.188 0.644
81.250 0.625
81.250 0.625
80.625 0.613
80.000 0.600
80.938 0.619
81.250 0.625
80.938 0.619
81.250 0.625
81.250 0.625
80.938 0.619
80.312 0.606
80.000 0.600
79.688 0.594
80.000 0.600
80.625 0.612
80.625 0.613
80.625 0.613
80.625 0.613
80.312 0.606
80.000 0.600
80.000 0.600
80.000 0.600
79.375 0.587
79.062 0.581
79.062 0.581
80.625 0.613
80.312 0.606
80.625 0.613
80.625 0.613
80.000 0.600
79.688 0.594
79.375 0.587
79.062 0.581
79.062 0.581
79.062 0.581
79.062 0.581
79.062 0.581
79.375 0.587
79.688 0.594
80.312 0.606
79.375 0.587
79.375 0.587
79.375 0.587
79.062 0.581
79.062 0.581
79.375 0.587
79.375 0.587
79.375 0.587
78.750 0.575
79.375 0.587
79.375 0.587
79.375 0.587
79.688 0.594
79.375 0.587
79.688 0.594
79.062 0.581
79.375 0.587
79.375 0.587
78.750 0.575
79.375 0.587
79.688 0.594
79.688 0.594
80.625 0.613
80.625 0.613
80.625 0.613
80.000 0.600
79.688 0.594
79.688 0.594
79.375 0.587
78.750 0.575
79.062 0.581
79.688 0.594
79.688 0.594
79.062 0.581
80.312 0.606
79.688 0.594
79.375 0.587
78.750 0.575
78.125 0.562
79.062 0.581
78.750 0.575
79.062 0.581
79.375 0.587
79.062 0.581
79.688 0.594
80.000 0.600
79.688 0.594
79.375 0.587
78.750 0.575
78.750 0.575
78.750 0.575
78.438 0.569
77.812 0.556
78.438 0.569
79.062 0.581
78.438 0.569
79.375 0.587
78.750 0.575
78.438 0.569
79.062 0.581
78.438 0.569
78.125 0.562
77.812 0.556
78.125 0.562
78.438 0.569
77.500 0.550
76.875 0.538
77.188 0.544
76.875 0.538
76.875 0.538
76.562 0.531
77.188 0.544
76.875 0.538
76.875 0.538
77.188 0.544
77.188 0.544
76.562 0.531
76.562 0.531
76.875 0.538
76.250 0.525
76.875 0.538
76.875 0.538
76.875 0.538
76.875 0.538
76.562 0.531
76.250 0.525
75.625 0.512
76.562 0.531
77.500 0.550
76.875 0.538
76.250 0.525
76.875 0.538
76.562 0.531
76.562 0.531
75.938 0.519
75.938 0.519
75.625 0.512
75.312 0.506
75.938 0.519
75.938 0.519
75.625 0.512
75.938 0.519
75.625 0.513
74.375 0.488
75.000 0.500
75.000 0.500
75.625 0.512
75.938 0.519
76.250 0.525
75.625 0.512
75.625 0.512
74.688 0.494
74.688 0.494
74.375 0.488
75.000 0.500
74.688 0.494
74.688 0.494
74.688 0.494
74.688 0.494
73.750 0.475
73.750 0.475
73.750 0.475
73.750 0.475
75.000 0.500
74.375 0.488
74.062 0.481
74.375 0.487
74.062 0.481
74.062 0.481
74.375 0.488
74.062 0.481
73.438 0.469
73.750 0.475
73.750 0.475
73.750 0.475
74.062 0.481
74.062 0.481
73.438 0.469
73.438 0.469
72.812 0.456
72.812 0.456
72.188 0.444
71.250 0.425
71.562 0.431
71.250 0.425
71.562 0.431
71.875 0.438
72.500 0.450
73.438 0.469
73.125 0.462
73.125 0.462
72.500 0.450
71.875 0.438
70.625 0.413
70.625 0.413
70.938 0.419
71.562 0.431
71.875 0.438
71.562 0.431
71.875 0.438
72.500 0.450
72.188 0.444
71.250 0.425
70.938 0.419
70.312 0.406
70.312 0.406
70.000 0.400
69.688 0.394
70.312 0.406
70.312 0.406
70.312 0.406
70.312 0.406
70.000 0.400
70.938 0.419
70.312 0.406
70.625 0.413
70.625 0.413
70.312 0.406
70.625 0.413
70.312 0.406
70.000 0.400
70.312 0.406
70.000 0.400
70.000 0.400
69.688 0.394
70.000 0.400
69.688 0.394
70.000 0.400
70.000 0.400
70.625 0.413
70.000 0.400
70.000 0.400
70.000 0.400
69.375 0.387
69.375 0.387
69.375 0.387
70.000 0.400
70.312 0.406
70.000 0.400
68.750 0.375
69.688 0.394
69.688 0.394
69.688 0.394
69.688 0.394
70.000 0.400
69.688 0.394
70.312 0.406
70.625 0.413
70.938 0.419
69.688 0.394
69.062 0.381
70.312 0.406
69.688 0.394
68.750 0.375
69.688 0.394
70.625 0.413
70.312 0.406
70.312 0.406
70.000 0.400
69.062 0.381
69.688 0.394
69.375 0.387
70.000 0.400
69.688 0.394
69.375 0.388
70.000 0.400
70.000 0.400
69.062 0.381
69.375 0.388
68.750 0.375
69.688 0.394
70.938 0.419
70.938 0.419
71.562 0.431
71.250 0.425
70.938 0.419
70.000 0.400
68.750 0.375
