# Accuracy (%) - Kappa coefficient
42.500 -0.150
44.286 -0.114
42.857 -0.143
43.571 -0.129
43.929 -0.121
43.214 -0.136
41.786 -0.164
44.286 -0.114
45.714 -0.086
43.929 -0.121
43.214 -0.136
43.571 -0.129
43.929 -0.121
43.929 -0.121
42.500 -0.150
43.214 -0.136
43.929 -0.121
43.214 -0.136
42.500 -0.150
40.714 -0.186
43.214 -0.136
43.571 -0.129
42.857 -0.143
44.643 -0.107
43.929 -0.121
43.214 -0.136
43.214 -0.136
42.500 -0.150
42.857 -0.143
41.429 -0.171
41.071 -0.179
40.357 -0.193
43.571 -0.129
42.857 -0.143
42.857 -0.143
44.286 -0.114
43.929 -0.121
42.143 -0.157
41.786 -0.164
40.357 -0.193
41.786 -0.164
40.714 -0.186
41.786 -0.164
41.429 -0.171
43.929 -0.121
42.857 -0.143
43.571 -0.129
45.000 -0.100
43.571 -0.129
41.786 -0.164
42.143 -0.157
40.357 -0.193
40.357 -0.193
40.714 -0.186
41.429 -0.171
42.143 -0.157
42.857 -0.143
42.500 -0.150
41.071 -0.179
42.143 -0.157
41.429 -0.171
38.929 -0.221
40.714 -0.186
40.714 -0.186
42.500 -0.150
42.500 -0.150
40.714 -0.186
41.786 -0.164
41.429 -0.171
43.929 -0.121
42.500 -0.150
40.000 -0.200
40.714 -0.186
42.857 -0.143
42.500 -0.150
42.143 -0.157
41.071 -0.179
40.000 -0.200
38.929 -0.221
39.643 -0.207
41.786 -0.164
41.429 -0.171
42.857 -0.143
39.643 -0.207
39.643 -0.207
40.714 -0.186
42.500 -0.150
41.071 -0.179
41.071 -0.179
41.429 -0.171
40.714 -0.186
41.071 -0.179
40.357 -0.193
42.143 -0.157
41.786 -0.164
41.071 -0.179
41.429 -0.171
42.143 -0.157
41.429 -0.171
42.143 -0.157
41.071 -0.179
41.071 -0.179
42.857 -0.143
42.143 -0.157
43.571 -0.129
43.214 -0.136
41.429 -0.171
41.429 -0.171
41.071 -0.179
40.714 -0.186
43.571 -0.129
42.143 -0.157
40.714 -0.186
42.143 -0.157
43.214 -0.136
44.286 -0.114
42.857 -0.143
41.786 -0.164
41.429 -0.171
41.071 -0.179
43.571 -0.129
42.143 -0.157
42.500 -0.150
41.786 -0.164
42.143 -0.157
42.143 -0.157
42.143 -0.157
42.143 -0.157
44.286 -0.114
43.214 -0.136
42.500 -0.150
41.429 -0.171
42.857 -0.143
44.643 -0.107
47.143 -0.057
44.643 -0.107
43.929 -0.121
45.357 -0.093
42.857 -0.143
43.929 -0.121
45.357 -0.093
45.000 -0.100
46.786 -0.064
44.643 -0.107
42.857 -0.143
42.500 -0.150
44.286 -0.114
43.929 -0.121
43.214 -0.136
45.357 -0.093
44.643 -0.107
43.571 -0.129
43.929 -0.121
43.571 -0.129
44.643 -0.107
46.429 -0.071
44.643 -0.107
43.214 -0.136
41.786 -0.164
42.857 -0.143
45.000 -0.100
47.143 -0.057
45.000 -0.100
45.000 -0.100
42.500 -0.150
43.929 -0.121
43.214 -0.136
46.071 -0.079
44.643 -0.107
43.571 -0.129
45.714 -0.086
46.071 -0.079
45.000 -0.100
43.571 -0.129
43.571 -0.129
42.500 -0.150
46.786 -0.064
46.429 -0.071
45.000 -0.100
43.929 -0.121
45.000 -0.100
45.357 -0.093
47.143 -0.057
47.857 -0.043
45.000 -0.100
45.000 -0.100
45.357 -0.093
48.214 -0.036
46.786 -0.064
46.071 -0.079
46.071 -0.079
46.786 -0.064
46.786 -0.064
47.143 -0.057
45.714 -0.086
46.071 -0.079
46.786 -0.064
44.286 -0.114
43.929 -0.121
46.786 -0.064
47.857 -0.043
47.500 -0.050
45.000 -0.100
46.071 -0.079
48.214 -0.036
48.571 -0.029
48.571 -0.029
45.714 -0.086
46.071 -0.079
45.357 -0.093
46.786 -0.064
47.857 -0.043
48.929 -0.021
48.929 -0.021
48.571 -0.029
48.929 -0.021
47.857 -0.043
48.214 -0.036
46.786 -0.064
47.500 -0.050
47.857 -0.043
47.857 -0.043
47.143 -0.057
49.286 -0.014
48.214 -0.036
47.500 -0.050
48.571 -0.029
47.500 -0.050
46.786 -0.064
49.286 -0.014
50.000 0.000
48.214 -0.036
47.857 -0.043
47.857 -0.043
47.143 -0.057
47.857 -0.043
49.286 -0.014
49.643 -0.007
49.286 -0.014
48.929 -0.021
48.214 -0.036
49.643 -0.007
48.571 -0.029
47.143 -0.057
47.857 -0.043
47.500 -0.050
48.571 -0.029
51.429 0.029
50.357 0.007
48.571 -0.029
46.786 -0.064
47.500 -0.050
47.143 -0.057
49.643 -0.007
49.286 -0.014
46.786 -0.064
45.357 -0.093
48.929 -0.021
51.429 0.029
51.786 0.036
51.429 0.029
48.214 -0.036
44.286 -0.114
47.143 -0.057
48.214 -0.036
51.786 0.036
49.286 -0.014
49.286 -0.014
47.500 -0.050
47.857 -0.043
50.714 0.014
51.786 0.036
51.786 0.036
48.214 -0.036
47.143 -0.057
47.143 -0.057
48.571 -0.029
49.286 -0.014
48.571 -0.029
51.071 0.021
47.500 -0.050
47.500 -0.050
48.214 -0.036
49.286 -0.014
48.214 -0.036
48.929 -0.021
48.929 -0.021
48.571 -0.029
48.929 -0.021
48.214 -0.036
49.286 -0.014
48.571 -0.029
47.143 -0.057
44.643 -0.107
48.929 -0.021
50.000 0.000
48.929 -0.021
48.929 -0.021
49.286 -0.014
49.286 -0.014
48.929 -0.021
48.571 -0.029
47.857 -0.043
48.929 -0.021
48.929 -0.021
48.214 -0.036
46.786 -0.064
46.071 -0.079
47.500 -0.050
49.286 -0.014
48.571 -0.029
50.357 0.007
48.929 -0.021
50.000 0.000
47.857 -0.043
45.714 -0.086
48.214 -0.036
48.571 -0.029
47.857 -0.043
48.929 -0.021
46.786 -0.064
46.786 -0.064
48.929 -0.021
48.571 -0.029
49.643 -0.007
49.643 -0.007
48.929 -0.021
47.500 -0.050
46.786 -0.064
46.786 -0.064
48.929 -0.021
48.929 -0.021
50.000 0.000
50.357 0.007
46.071 -0.079
48.571 -0.029
48.929 -0.021
50.357 0.007
48.214 -0.036
48.214 -0.036
49.643 -0.007
48.571 -0.029
50.714 0.014
52.143 0.043
49.286 -0.014
50.000 0.000
47.500 -0.050
47.500 -0.050
48.571 -0.029
49.286 -0.014
49.643 -0.007
50.714 0.014
47.500 -0.050
50.000 0.000
50.000 0.000
50.714 0.014
49.643 -0.007
49.286 -0.014
49.643 -0.007
50.357 0.007
49.286 -0.014
50.000 0.000
50.000 0.000
50.357 0.007
49.643 -0.007
50.714 0.014
50.000 0.000
50.714 0.014
50.714 0.014
48.214 -0.036
47.857 -0.043
47.857 -0.043
47.500 -0.050
49.286 -0.014
49.286 -0.014
47.500 -0.050
48.571 -0.029
50.357 0.007
51.429 0.029
51.786 0.036
48.214 -0.036
48.571 -0.029
47.857 -0.043
49.286 -0.014
49.643 -0.007
48.929 -0.021
51.786 0.036
52.143 0.043
51.071 0.021
51.429 0.029
52.500 0.050
50.357 0.007
50.000 0.000
51.071 0.021
50.714 0.014
48.214 -0.036
50.000 0.000
48.929 -0.021
49.643 -0.007
50.000 0.000
50.714 0.014
48.929 -0.021
50.000 0.000
49.286 -0.014
46.786 -0.064
47.143 -0.057
49.286 -0.014
49.643 -0.007
49.286 -0.014
50.357 0.007
48.214 -0.036
47.857 -0.043
50.000 0.000
48.214 -0.036
48.571 -0.029
48.929 -0.021
50.000 0.000
48.214 -0.036
48.929 -0.021
49.286 -0.014
46.429 -0.071
48.214 -0.036
48.214 -0.036
50.714 0.014
51.071 0.021
51.429 0.029
49.286 -0.014
49.643 -0.007
50.000 0.000
49.643 -0.007
47.857 -0.043
49.643 -0.007
51.429 0.029
49.286 -0.014
51.071 0.021
50.357 0.007
50.714 0.014
50.714 0.014
51.429 0.029
52.500 0.050
53.214 0.064
50.714 0.014
50.714 0.014
50.357 0.007
50.714 0.014
50.357 0.007
53.571 0.071
52.857 0.057
51.071 0.021
51.071 0.021
50.357 0.007
51.786 0.036
49.286 -0.014
51.071 0.021
50.000 0.000
49.643 -0.007
51.071 0.021
52.143 0.043
52.500 0.050
51.071 0.021
50.357 0.007
50.714 0.014
51.786 0.036
53.571 0.071
50.000 0.000
49.643 -0.007
49.286 -0.014
51.429 0.029
50.714 0.014
53.214 0.064
51.786 0.036
50.000 0.000
50.714 0.014
51.429 0.029
50.000 0.000
53.214 0.064
52.143 0.043
51.071 0.021
51.071 0.021
50.357 0.007
51.429 0.029
47.500 -0.050
50.357 0.007
52.500 0.050
52.500 0.050
52.500 0.050
52.500 0.050
52.143 0.043
51.429 0.029
52.143 0.043
53.214 0.064
54.286 0.086
52.143 0.043
51.071 0.021
50.357 0.007
52.143 0.043
51.071 0.021
51.071 0.021
51.071 0.021
50.000 0.000
51.786 0.036
53.929 0.079
55.714 0.114
53.929 0.079
51.071 0.021
51.071 0.021
50.714 0.014
51.071 0.021
52.143 0.043
55.000 0.100
52.143 0.043
52.857 0.057
53.929 0.079
51.786 0.036
51.071 0.021
54.643 0.093
53.571 0.071
54.286 0.086
52.143 0.043
52.857 0.057
54.286 0.086
55.357 0.107
53.214 0.064
54.286 0.086
55.000 0.100
55.000 0.100
56.786 0.136
55.357 0.107
55.714 0.114
54.643 0.093
56.786 0.136
53.929 0.079
53.571 0.071
54.286 0.086
53.214 0.064
55.357 0.107
55.000 0.100
52.857 0.057
53.214 0.064
53.929 0.079
55.000 0.100
52.500 0.050
54.643 0.093
54.286 0.086
53.214 0.064
53.929 0.079
54.286 0.086
52.143 0.043
52.500 0.050
53.214 0.064
55.357 0.107
57.143 0.143
56.429 0.129
57.500 0.150
56.071 0.121
57.143 0.143
53.571 0.071
53.571 0.071
53.929 0.079
54.643 0.093
52.143 0.043
51.786 0.036
52.500 0.050
52.857 0.057
55.714 0.114
54.286 0.086
54.286 0.086
55.357 0.107
54.286 0.086
53.214 0.064
56.429 0.129
54.286 0.086
56.071 0.121
57.143 0.143
53.214 0.064
56.071 0.121
54.643 0.093
54.286 0.086
54.286 0.086
56.786 0.136
56.429 0.129
56.429 0.129
56.429 0.129
54.643 0.093
52.857 0.057
53.214 0.064
54.643 0.093
55.000 0.100
53.571 0.071
55.357 0.107
55.357 0.107
55.357 0.107
55.000 0.100
54.643 0.093
53.214 0.064
52.143 0.043
53.214 0.064
53.571 0.071
55.000 0.100
56.786 0.136
55.357 0.107
55.714 0.114
55.000 0.100
53.929 0.079
53.929 0.079
52.500 0.050
52.857 0.057
52.143 0.043
55.714 0.114
54.643 0.093
54.643 0.093
53.571 0.071
53.214 0.064
52.500 0.050
53.571 0.071
53.571 0.071
53.929 0.079
53.929 0.079
54.643 0.093
54.643 0.093
53.571 0.071
53.929 0.079
55.000 0.100
52.500 0.050
55.357 0.107
54.286 0.086
56.071 0.121
53.929 0.079
53.214 0.064
52.500 0.050
51.429 0.029
52.500 0.050
50.714 0.014
52.857 0.057
55.357 0.107
54.286 0.086
51.786 0.036
52.143 0.043
52.143 0.043
52.500 0.050
52.500 0.050
52.857 0.057
51.429 0.029
53.571 0.071
53.929 0.079
52.857 0.057
51.786 0.036
51.786 0.036
51.071 0.021
51.786 0.036
51.786 0.036
52.857 0.057
50.714 0.014
53.929 0.079
53.571 0.071
52.500 0.050
51.071 0.021
51.429 0.029
51.071 0.021
52.857 0.057
53.214 0.064
53.571 0.071
52.857 0.057
53.571 0.071
52.857 0.057
52.143 0.043
51.429 0.029
54.286 0.086
52.143 0.043
55.000 0.100
54.286 0.086
55.714 0.114
54.643 0.093
53.571 0.071
52.500 0.050
52.857 0.057
52.143 0.043
53.571 0.071
53.929 0.079
55.357 0.107
54.643 0.093
53.214 0.064
53.571 0.071
54.286 0.086
54.643 0.093
52.857 0.057
52.143 0.043
52.857 0.057
52.857 0.057
55.714 0.114
53.571 0.071
54.643 0.093
53.571 0.071
53.214 0.064
51.786 0.036
51.429 0.029
52.857 0.057
51.786 0.036
50.000 0.000
54.643 0.093
53.214 0.064
54.643 0.093
52.143 0.043
53.929 0.079
52.143 0.043
52.143 0.043
51.429 0.029
52.500 0.050
51.429 0.029
53.214 0.064
52.500 0.050
52.143 0.043
51.429 0.029
51.071 0.021
52.500 0.050
54.643 0.093
54.643 0.093
54.643 0.093
53.929 0.079
50.000 0.000
50.714 0.014
51.071 0.021
50.714 0.014
51.071 0.021
53.571 0.071
52.857 0.057
53.214 0.064
52.857 0.057
53.214 0.064
52.500 0.050
52.143 0.043
52.500 0.050
51.786 0.036
51.429 0.029
49.643 -0.007
50.000 0.000
49.643 -0.007
50.714 0.014
52.143 0.043
51.786 0.036
53.571 0.071
52.143 0.043
51.429 0.029
51.786 0.036
52.143 0.043
51.429 0.029
50.357 0.007
50.714 0.014
53.214 0.064
51.071 0.021
50.714 0.014
53.214 0.064
55.000 0.100
54.286 0.086
56.429 0.129
54.643 0.093
52.857 0.057
52.500 0.050
53.571 0.071
53.929 0.079
53.571 0.071
53.571 0.071
54.286 0.086
55.000 0.100
55.000 0.100
55.000 0.100
55.714 0.114
53.929 0.079
55.357 0.107
54.286 0.086
55.000 0.100
53.571 0.071
52.143 0.043
52.500 0.050
55.714 0.114
55.714 0.114
55.357 0.107
52.857 0.057
55.000 0.100
52.143 0.043
52.857 0.057
53.929 0.079
53.571 0.071
54.643 0.093
55.000 0.100
55.000 0.100
53.214 0.064
56.071 0.121
54.286 0.086
53.571 0.071
55.000 0.100
52.500 0.050
51.786 0.036
53.214 0.064
52.857 0.057
55.714 0.114
55.357 0.107
55.357 0.107
54.286 0.086
52.500 0.050
53.214 0.064
54.286 0.086
53.214 0.064
52.857 0.057
51.429 0.029
55.000 0.100
54.286 0.086
53.571 0.071
55.357 0.107
55.357 0.107
55.000 0.100
53.571 0.071
55.714 0.114
55.357 0.107
57.143 0.143
54.286 0.086
53.571 0.071
54.643 0.093
53.929 0.079
56.429 0.129
55.357 0.107
57.143 0.143
56.429 0.129
55.714 0.114
54.286 0.086
56.071 0.121
54.286 0.086
55.714 0.114
56.071 0.121
56.429 0.129
55.357 0.107
56.429 0.129
55.000 0.100
55.714 0.114
53.571 0.071
54.286 0.086
54.286 0.086
54.643 0.093
56.071 0.121
57.143 0.143
56.071 0.121
56.429 0.129
55.000 0.100
53.571 0.071
55.714 0.114
51.429 0.029
53.571 0.071
54.643 0.093
55.714 0.114
55.000 0.100
54.643 0.093
55.714 0.114
57.143 0.143
57.500 0.150
55.714 0.114
54.286 0.086
54.286 0.086
55.357 0.107
55.000 0.100
55.000 0.100
55.000 0.100
54.286 0.086
54.643 0.093
57.143 0.143
57.143 0.143
56.071 0.121
55.000 0.100
54.286 0.086
55.000 0.100
53.929 0.079
54.286 0.086
55.000 0.100
56.071 0.121
55.357 0.107
56.786 0.136
54.643 0.093
53.214 0.064
55.714 0.114
58.214 0.164
58.929 0.179
56.071 0.121
55.714 0.114
55.357 0.107
54.286 0.086
56.429 0.129
56.786 0.136
57.143 0.143
57.500 0.150
56.786 0.136
58.571 0.171
54.286 0.086
56.429 0.129
57.500 0.150
52.857 0.057
55.000 0.100
55.714 0.114
55.357 0.107
55.714 0.114
57.857 0.157
56.429 0.129
56.429 0.129
56.429 0.129
55.714 0.114
53.929 0.079
56.786 0.136
56.071 0.121
55.357 0.107
53.571 0.071
55.714 0.114
52.143 0.043
54.643 0.093
56.429 0.129
55.714 0.114
54.643 0.093
55.000 0.100
55.000 0.100
55.000 0.100
55.357 0.107
55.000 0.100
54.286 0.086
56.429 0.129
56.071 0.121
56.429 0.129
56.786 0.136
55.000 0.100
52.500 0.050
54.286 0.086
56.786 0.136
56.786 0.136
57.500 0.150
56.786 0.136
53.929 0.079
54.643 0.093
55.000 0.100
58.571 0.171
57.143 0.143
56.786 0.136
53.214 0.064
55.357 0.107
53.214 0.064
52.857 0.057
55.357 0.107
52.857 0.057
55.000 0.100
55.714 0.114
55.357 0.107
55.357 0.107
57.143 0.143
55.357 0.107
55.714 0.114
55.714 0.114
54.643 0.093
54.286 0.086
57.857 0.157
58.214 0.164
58.571 0.171
57.500 0.150
56.429 0.129
53.571 0.071
51.786 0.036
55.000 0.100
53.929 0.079
57.500 0.150
56.429 0.129
56.786 0.136
54.643 0.093
55.714 0.114
56.071 0.121
53.929 0.079
53.571 0.071
55.000 0.100
52.857 0.057
53.571 0.071
53.214 0.064
53.571 0.071
54.643 0.093
55.000 0.100
55.357 0.107
53.571 0.071
54.286 0.086
52.143 0.043
53.214 0.064
53.214 0.064
55.000 0.100
54.286 0.086
53.214 0.064
53.571 0.071
53.214 0.064
53.571 0.071
55.714 0.114
55.000 0.100
55.000 0.100
52.500 0.050
51.786 0.036
52.143 0.043
53.929 0.079
52.857 0.057
53.214 0.064
54.643 0.093
54.286 0.086
57.143 0.143
55.714 0.114
55.357 0.107
54.286 0.086
55.000 0.100
56.786 0.136
57.143 0.143
56.429 0.129
55.714 0.114
55.000 0.100
54.643 0.093
54.643 0.093
55.357 0.107
57.500 0.150
54.286 0.086
54.643 0.093
54.286 0.086
56.786 0.136
57.500 0.150
58.214 0.164
56.429 0.129
56.071 0.121
55.000 0.100
55.000 0.100
55.714 0.114
56.429 0.129
55.714 0.114
55.000 0.100
55.000 0.100
54.643 0.093
54.643 0.093
57.500 0.150
58.214 0.164
58.214 0.164
57.500 0.150
56.429 0.129
56.071 0.121
55.000 0.100
57.143 0.143
56.429 0.129
55.000 0.100
55.357 0.107
55.714 0.114
56.071 0.121
54.286 0.086
55.357 0.107
56.429 0.129
58.929 0.179
57.857 0.157
58.214 0.164
56.071 0.121
55.000 0.100
55.714 0.114
55.357 0.107
54.643 0.093
52.143 0.043
53.929 0.079
54.643 0.093
55.000 0.100
56.429 0.129
57.500 0.150
55.000 0.100
56.429 0.129
56.429 0.129
54.286 0.086
56.071 0.121
56.429 0.129
53.571 0.071
53.571 0.071
55.357 0.107
56.429 0.129
56.786 0.136
57.143 0.143
57.143 0.143
55.000 0.100
54.643 0.093
57.500 0.150
57.500 0.150
58.214 0.164
57.143 0.143
55.714 0.114
56.071 0.121
58.214 0.164
57.143 0.143
57.143 0.143
56.071 0.121
55.357 0.107
55.000 0.100
56.071 0.121
57.500 0.150
57.143 0.143
57.143 0.143
57.857 0.157
56.786 0.136
56.429 0.129
57.143 0.143
55.357 0.107
56.786 0.136
57.143 0.143
59.643 0.193
55.714 0.114
55.714 0.114
57.143 0.143
57.143 0.143
59.286 0.186
57.500 0.150
57.143 0.143
55.357 0.107
58.929 0.179
56.071 0.121
55.714 0.114
55.000 0.100
55.357 0.107
55.714 0.114
58.571 0.171
57.857 0.157
58.929 0.179
60.000 0.200
61.429 0.229
57.857 0.157
59.643 0.193
58.571 0.171
58.571 0.171
57.500 0.150
58.571 0.171
58.214 0.164
60.000 0.200
57.857 0.157
58.571 0.171
58.571 0.171
59.286 0.186
59.286 0.186
58.214 0.164
60.000 0.200
60.000 0.200
57.143 0.143
58.571 0.171
61.786 0.236
60.357 0.207
60.357 0.207
61.786 0.236
61.429 0.229
61.071 0.221
60.714 0.214
59.286 0.186
59.643 0.193
60.714 0.214
59.643 0.193
59.643 0.193
59.286 0.186
59.286 0.186
59.643 0.193
58.929 0.179
60.357 0.207
60.357 0.207
61.429 0.229
59.643 0.193
60.000 0.200
59.643 0.193
59.286 0.186
60.714 0.214
60.714 0.214
60.000 0.200
61.429 0.229
59.643 0.193
59.643 0.193
60.357 0.207
58.929 0.179
58.571 0.171
59.286 0.186
62.143 0.243
62.857 0.257
62.857 0.257
61.071 0.221
59.286 0.186
60.000 0.200
60.714 0.214
62.143 0.243
62.143 0.243
62.143 0.243
61.071 0.221
62.143 0.243
64.286 0.286
63.571 0.271
61.429 0.229
61.071 0.221
61.786 0.236
62.857 0.257
61.786 0.236
62.500 0.250
61.786 0.236
62.857 0.257
60.000 0.200
62.143 0.243
64.286 0.286
64.643 0.293
63.571 0.271
62.857 0.257
61.429 0.229
62.857 0.257
61.786 0.236
63.214 0.264
62.143 0.243
63.929 0.279
67.143 0.343
65.000 0.300
62.500 0.250
63.929 0.279
63.214 0.264
64.286 0.286
62.143 0.243
62.143 0.243
62.500 0.250
63.571 0.271
63.214 0.264
64.286 0.286
60.357 0.207
62.143 0.243
61.071 0.221
62.143 0.243
63.571 0.271
64.286 0.286
62.857 0.257
62.500 0.250
63.571 0.271
63.571 0.271
62.857 0.257
62.143 0.243
62.857 0.257
62.143 0.243
63.571 0.271
62.500 0.250
62.143 0.243
63.214 0.264
61.429 0.229
61.786 0.236
62.500 0.250
61.429 0.229
58.929 0.179
61.071 0.221
60.357 0.207
60.000 0.200
59.643 0.193
60.357 0.207
61.071 0.221
61.071 0.221
60.000 0.200
57.500 0.150
58.929 0.179
61.071 0.221
60.714 0.214
59.643 0.193
60.357 0.207
62.143 0.243
60.000 0.200
59.286 0.186
59.286 0.186
58.929 0.179
60.714 0.214
58.214 0.164
57.857 0.157
58.214 0.164
59.286 0.186
60.714 0.214
60.714 0.214
61.786 0.236
60.357 0.207
60.000 0.200
60.000 0.200
59.643 0.193
59.286 0.186
57.857 0.157
58.929 0.179
60.357 0.207
58.929 0.179
59.643 0.193
61.071 0.221
61.429 0.229
61.071 0.221
58.571 0.171
57.500 0.150
56.786 0.136
60.000 0.200
60.000 0.200
59.286 0.186
55.000 0.100
55.000 0.100
59.286 0.186
59.286 0.186
57.500 0.150
58.214 0.164
59.286 0.186
58.214 0.164
56.429 0.129
57.857 0.157
57.500 0.150
58.929 0.179
58.214 0.164
60.357 0.207
57.857 0.157
60.000 0.200
60.357 0.207
58.571 0.171
58.214 0.164
58.929 0.179
58.571 0.171
57.857 0.157
60.000 0.200
58.214 0.164
57.500 0.150
58.214 0.164
57.500 0.150
57.143 0.143
58.929 0.179
58.929 0.179
57.857 0.157
58.929 0.179
57.143 0.143
58.214 0.164
58.571 0.171
60.000 0.200
60.000 0.200
58.929 0.179
56.071 0.121
55.000 0.100
57.857 0.157
58.214 0.164
56.429 0.129
56.786 0.136
56.429 0.129
57.143 0.143
57.857 0.157
57.143 0.143
55.357 0.107
56.429 0.129
54.286 0.086
55.714 0.114
56.429 0.129
56.071 0.121
54.286 0.086
54.286 0.086
54.643 0.093
55.357 0.107
55.714 0.114
55.714 0.114
54.286 0.086
53.571 0.071
53.929 0.079
56.071 0.121
54.643 0.093
55.357 0.107
55.000 0.100
57.143 0.143
56.429 0.129
55.000 0.100
56.429 0.129
55.714 0.114
54.643 0.093
55.357 0.107
55.000 0.100
55.000 0.100
57.143 0.143
54.286 0.086
55.000 0.100
56.071 0.121
57.857 0.157
56.429 0.129
57.500 0.150
55.357 0.107
57.857 0.157
58.214 0.164
57.143 0.143
56.786 0.136
55.714 0.114
55.357 0.107
56.071 0.121
56.429 0.129
56.786 0.136
58.571 0.171
57.857 0.157
57.857 0.157
56.786 0.136
55.357 0.107
55.357 0.107
56.429 0.129
56.786 0.136
57.143 0.143
55.357 0.107
56.429 0.129
58.929 0.179
58.571 0.171
57.500 0.150
57.143 0.143
55.357 0.107
59.286 0.186
58.214 0.164
56.429 0.129
54.643 0.093
58.929 0.179
58.929 0.179
58.929 0.179
58.571 0.171
58.214 0.164
57.500 0.150
57.857 0.157
58.571 0.171
59.286 0.186
57.500 0.150
57.500 0.150
54.286 0.086
54.643 0.093
55.714 0.114
57.857 0.157
58.571 0.171
55.714 0.114
56.786 0.136
56.429 0.129
58.214 0.164
57.500 0.150
59.286 0.186
58.929 0.179
57.143 0.143
56.071 0.121
57.857 0.157
53.929 0.079
52.857 0.057
54.643 0.093
56.071 0.121
57.500 0.150
60.714 0.214
58.214 0.164
59.286 0.186
56.429 0.129
56.071 0.121
56.786 0.136
59.643 0.193
57.500 0.150
58.571 0.171
58.214 0.164
58.571 0.171
56.786 0.136
57.857 0.157
58.214 0.164
58.571 0.171
59.643 0.193
58.214 0.164
55.000 0.100
58.571 0.171
58.214 0.164
59.643 0.193
59.286 0.186
57.143 0.143
54.286 0.086
56.071 0.121
58.214 0.164
60.357 0.207
57.857 0.157
57.857 0.157
56.071 0.121
55.714 0.114
55.000 0.100
56.071 0.121
55.000 0.100
56.786 0.136
56.429 0.129
55.357 0.107
56.071 0.121
55.000 0.100
55.714 0.114
55.714 0.114
54.643 0.093
56.429 0.129
55.000 0.100
56.071 0.121
57.143 0.143
56.429 0.129
55.357 0.107
56.071 0.121
53.929 0.079
54.286 0.086
53.929 0.079
55.357 0.107
56.429 0.129
56.786 0.136
56.786 0.136
57.500 0.150
56.071 0.121
56.786 0.136
58.214 0.164
56.429 0.129
57.143 0.143
55.714 0.114
55.714 0.114
56.071 0.121
58.571 0.171
55.714 0.114
55.000 0.100
56.786 0.136
56.786 0.136
56.429 0.129
56.429 0.129
55.357 0.107
56.071 0.121
56.786 0.136
56.429 0.129
58.214 0.164
57.500 0.150
57.143 0.143
56.429 0.129
56.071 0.121
54.643 0.093
56.786 0.136
55.357 0.107
55.714 0.114
57.500 0.150
58.214 0.164
56.429 0.129
55.000 0.100
55.357 0.107
57.143 0.143
57.500 0.150
55.714 0.114
55.000 0.100
54.286 0.086
53.214 0.064
53.571 0.071
55.714 0.114
55.000 0.100
56.071 0.121
55.714 0.114
54.643 0.093
55.000 0.100
55.000 0.100
53.214 0.064
54.286 0.086
54.286 0.086
55.714 0.114
53.929 0.079
54.643 0.093
56.071 0.121
56.786 0.136
55.357 0.107
57.143 0.143
53.571 0.071
53.571 0.071
53.929 0.079
54.286 0.086
55.714 0.114
55.357 0.107
53.571 0.071
56.071 0.121
55.714 0.114
54.643 0.093
55.000 0.100
53.929 0.079
53.571 0.071
54.286 0.086
52.857 0.057
52.857 0.057
53.929 0.079
52.500 0.050
53.929 0.079
54.643 0.093
56.429 0.129
53.929 0.079
54.643 0.093
52.857 0.057
53.929 0.079
52.857 0.057
52.857 0.057
52.857 0.057
55.714 0.114
53.214 0.064
52.857 0.057
53.571 0.071
55.357 0.107
54.286 0.086
52.857 0.057
53.571 0.071
56.071 0.121
55.000 0.100
53.929 0.079
53.214 0.064
51.786 0.036
53.929 0.079
54.643 0.093
54.643 0.093
53.571 0.071
54.286 0.086
54.643 0.093
55.357 0.107
54.643 0.093
55.000 0.100
52.500 0.050
54.286 0.086
55.000 0.100
54.286 0.086
52.500 0.050
53.929 0.079
53.571 0.071
53.214 0.064
55.357 0.107
55.000 0.100
54.286 0.086
55.000 0.100
56.071 0.121
53.571 0.071
53.214 0.064
55.714 0.114
55.000 0.100
53.571 0.071
54.286 0.086
53.571 0.071
56.429 0.129
55.714 0.114
56.429 0.129
54.643 0.093
56.429 0.129
56.786 0.136
54.286 0.086
55.357 0.107
54.286 0.086
55.714 0.114
55.000 0.100
55.000 0.100
54.286 0.086
56.071 0.121
55.714 0.114
56.786 0.136
56.429 0.129
56.071 0.121
55.714 0.114
57.143 0.143
55.357 0.107
57.143 0.143
56.786 0.136
56.429 0.129
54.286 0.086
56.786 0.136
56.071 0.121
58.214 0.164
56.786 0.136
56.786 0.136
56.786 0.136
58.929 0.179
55.714 0.114
57.143 0.143
56.429 0.129
56.429 0.129
56.786 0.136
58.214 0.164
56.786 0.136
54.643 0.093
54.643 0.093
54.286 0.086
55.000 0.100
55.714 0.114
55.714 0.114
57.143 0.143
55.714 0.114
56.429 0.129
55.714 0.114
55.714 0.114
54.286 0.086
54.643 0.093
54.643 0.093
55.357 0.107
54.286 0.086
54.643 0.093
54.643 0.093
53.214 0.064
56.429 0.129
53.214 0.064
55.357 0.107
55.714 0.114
55.714 0.114
54.286 0.086
53.929 0.079
55.000 0.100
53.214 0.064
52.143 0.043
54.643 0.093
53.929 0.079
54.643 0.093
56.429 0.129
55.357 0.107
53.214 0.064
50.714 0.014
52.143 0.043
51.071 0.021
52.857 0.057
53.214 0.064
53.929 0.079
52.500 0.050
55.000 0.100
55.357 0.107
56.429 0.129
55.714 0.114
53.214 0.064
52.143 0.043
54.286 0.086
53.214 0.064
52.500 0.050
52.857 0.057
52.500 0.050
53.929 0.079
53.214 0.064
56.071 0.121
55.000 0.100
53.571 0.071
54.286 0.086
51.786 0.036
50.357 0.007
55.000 0.100
53.214 0.064
52.143 0.043
54.643 0.093
54.643 0.093
56.786 0.136
53.214 0.064
54.286 0.086
51.429 0.029
53.929 0.079
54.643 0.093
54.286 0.086
52.143 0.043
54.643 0.093
54.286 0.086
55.357 0.107
53.214 0.064
52.500 0.050
51.786 0.036
52.857 0.057
53.929 0.079
52.857 0.057
54.643 0.093
53.214 0.064
51.071 0.021
53.929 0.079
54.286 0.086
54.286 0.086
51.429 0.029
53.214 0.064
54.286 0.086
53.929 0.079
56.786 0.136
55.357 0.107
53.571 0.071
52.500 0.050
51.786 0.036
53.929 0.079
53.214 0.064
54.286 0.086
55.000 0.100
55.000 0.100
52.500 0.050
54.286 0.086
54.286 0.086
53.929 0.079
53.929 0.079
54.286 0.086
53.929 0.079
55.714 0.114
56.071 0.121
55.357 0.107
56.071 0.121
56.071 0.121
57.143 0.143
57.857 0.157
55.357 0.107
54.643 0.093
56.786 0.136
57.143 0.143
56.071 0.121
55.714 0.114
54.643 0.093
56.071 0.121
57.143 0.143
56.429 0.129
57.143 0.143
56.786 0.136
57.143 0.143
55.000 0.100
58.929 0.179
57.143 0.143
57.500 0.150
55.714 0.114
58.214 0.164
57.143 0.143
57.500 0.150
56.429 0.129
56.786 0.136
55.714 0.114
55.714 0.114
55.714 0.114
55.714 0.114
56.786 0.136
59.286 0.186
57.857 0.157
55.000 0.100
54.286 0.086
53.571 0.071
56.429 0.129
56.786 0.136
55.000 0.100
53.929 0.079
55.000 0.100
53.214 0.064
54.643 0.093
55.357 0.107
54.286 0.086
53.214 0.064
55.714 0.114
55.714 0.114
53.214 0.064
53.929 0.079
52.857 0.057
53.929 0.079
55.714 0.114
53.214 0.064
56.071 0.121
55.000 0.100
51.786 0.036
52.857 0.057
53.571 0.071
55.000 0.100
55.000 0.100
55.714 0.114
57.143 0.143
55.357 0.107
54.286 0.086
55.714 0.114
55.714 0.114
53.929 0.079
51.786 0.036
52.143 0.043
55.000 0.100
56.071 0.121
55.357 0.107
54.286 0.086
54.643 0.093
54.643 0.093
55.000 0.100
54.286 0.086
52.500 0.050
52.500 0.050
53.571 0.071
52.500 0.050
53.929 0.079
53.214 0.064
51.786 0.036
51.429 0.029
50.357 0.007
49.643 -0.007
51.786 0.036
51.071 0.021
51.071 0.021
50.714 0.014
51.786 0.036
51.786 0.036
51.786 0.036
51.786 0.036
51.071 0.021
51.071 0.021
51.786 0.036
50.714 0.014
50.714 0.014
51.429 0.029
51.786 0.036
51.786 0.036
52.857 0.057
51.071 0.021
50.000 0.000
48.929 -0.021
49.643 -0.007
50.357 0.007
52.500 0.050
54.286 0.086
52.143 0.043
53.214 0.064
51.786 0.036
50.000 0.000
52.857 0.057
52.857 0.057
50.357 0.007
52.143 0.043
51.071 0.021
52.143 0.043
52.857 0.057
50.714 0.014
51.071 0.021
50.000 0.000
51.429 0.029
51.786 0.036
52.500 0.050
53.214 0.064
52.857 0.057
52.857 0.057
50.714 0.014
50.357 0.007
51.786 0.036
52.143 0.043
50.714 0.014
50.714 0.014
52.857 0.057
51.071 0.021
52.143 0.043
53.571 0.071
52.500 0.050
52.857 0.057
53.571 0.071
50.714 0.014
51.429 0.029
50.000 0.000
50.357 0.007
48.571 -0.029
49.286 -0.014
48.929 -0.021
48.929 -0.021
52.500 0.050
53.929 0.079
51.786 0.036
50.714 0.014
51.429 0.029
49.286 -0.014
50.357 0.007
52.500 0.050
51.786 0.036
53.214 0.064
52.143 0.043
51.429 0.029
51.071 0.021
52.500 0.050
53.214 0.064
52.143 0.043
53.929 0.079
51.071 0.021
51.786 0.036
51.786 0.036
52.143 0.043
51.786 0.036
51.786 0.036
52.857 0.057
53.214 0.064
51.786 0.036
49.286 -0.014
50.000 0.000
50.357 0.007
52.500 0.050
53.571 0.071
52.500 0.050
51.786 0.036
49.643 -0.007
51.429 0.029
50.000 0.000
50.714 0.014
51.071 0.021
50.000 0.000
50.000 0.000
50.714 0.014
50.714 0.014
51.429 0.029
48.929 -0.021
46.786 -0.064
48.214 -0.036
51.429 0.029
51.429 0.029
48.929 -0.021
50.000 0.000
50.714 0.014
53.571 0.071
54.643 0.093
52.500 0.050
51.786 0.036
52.143 0.043
50.000 0.000
50.000 0.000
49.286 -0.014
50.000 0.000
49.643 -0.007
50.714 0.014
52.857 0.057
52.857 0.057
53.214 0.064
51.786 0.036
51.429 0.029
51.786 0.036
50.000 0.000
51.071 0.021
51.429 0.029
51.071 0.021
49.643 -0.007
50.000 0.000
53.571 0.071
54.286 0.086
51.071 0.021
51.071 0.021
50.357 0.007
51.071 0.021
51.429 0.029
