# Accuracy (%) - Kappa coefficient
47.500 -0.050
48.750 -0.025
48.438 -0.031
48.750 -0.025
48.438 -0.031
47.500 -0.050
47.188 -0.056
48.750 -0.025
49.375 -0.012
46.562 -0.069
46.875 -0.062
48.438 -0.031
50.000 0.000
48.125 -0.038
47.500 -0.050
48.438 -0.031
48.750 -0.025
48.750 -0.025
47.812 -0.044
48.750 -0.025
51.562 0.031
49.688 -0.006
47.812 -0.044
49.375 -0.012
51.250 0.025
50.313 0.006
48.750 -0.025
47.812 -0.044
49.062 -0.019
49.688 -0.006
48.750 -0.025
48.125 -0.037
48.438 -0.031
48.125 -0.037
48.438 -0.031
50.000 0.000
48.750 -0.025
48.750 -0.025
47.188 -0.056
46.875 -0.062
48.750 -0.025
48.438 -0.031
46.562 -0.069
47.188 -0.056
48.750 -0.025
49.688 -0.006
47.500 -0.050
46.250 -0.075
46.562 -0.069
48.438 -0.031
48.750 -0.025
47.500 -0.050
46.562 -0.069
47.500 -0.050
47.188 -0.056
48.125 -0.037
47.500 -0.050
47.188 -0.056
45.938 -0.081
47.500 -0.050
48.125 -0.037
48.125 -0.037
46.562 -0.069
46.562 -0.069
47.500 -0.050
48.438 -0.031
47.188 -0.056
47.188 -0.056
47.188 -0.056
47.188 -0.056
47.188 -0.056
45.938 -0.081
46.562 -0.069
48.750 -0.025
45.938 -0.081
45.312 -0.094
47.500 -0.050
49.375 -0.012
47.500 -0.050
47.500 -0.050
46.875 -0.062
47.500 -0.050
47.812 -0.044
46.250 -0.075
46.562 -0.069
46.250 -0.075
48.125 -0.037
48.125 -0.037
46.875 -0.062
47.188 -0.056
46.562 -0.069
48.125 -0.038
46.562 -0.069
45.938 -0.081
45.312 -0.094
46.562 -0.069
47.812 -0.044
46.562 -0.069
45.938 -0.081
46.875 -0.062
48.125 -0.037
48.438 -0.031
47.188 -0.056
47.500 -0.050
47.812 -0.044
48.750 -0.025
47.812 -0.044
47.188 -0.056
47.188 -0.056
47.812 -0.044
47.500 -0.050
47.188 -0.056
46.250 -0.075
47.188 -0.056
48.438 -0.031
48.438 -0.031
47.812 -0.044
47.188 -0.056
47.812 -0.044
48.438 -0.031
49.062 -0.019
47.812 -0.044
47.812 -0.044
47.812 -0.044
48.438 -0.031
48.750 -0.025
47.188 -0.056
47.188 -0.056
47.500 -0.050
48.125 -0.037
48.438 -0.031
47.188 -0.056
46.875 -0.062
46.875 -0.062
48.438 -0.031
48.125 -0.037
47.812 -0.044
47.500 -0.050
47.812 -0.044
48.438 -0.031
46.562 -0.069
47.188 -0.056
47.812 -0.044
48.750 -0.025
47.500 -0.050
46.562 -0.069
48.125 -0.038
48.750 -0.025
48.438 -0.031
48.125 -0.037
47.500 -0.050
49.688 -0.006
46.875 -0.062
48.438 -0.031
48.750 -0.025
49.062 -0.019
48.750 -0.025
47.812 -0.044
47.812 -0.044
48.750 -0.025
49.062 -0.019
47.500 -0.050
48.438 -0.031
47.188 -0.056
48.125 -0.037
48.750 -0.025
48.125 -0.037
48.125 -0.037
48.125 -0.037
47.188 -0.056
48.125 -0.037
48.750 -0.025
47.500 -0.050
47.188 -0.056
47.500 -0.050
48.438 -0.031
47.812 -0.044
46.875 -0.062
48.750 -0.025
47.500 -0.050
47.500 -0.050
47.500 -0.050
48.125 -0.037
47.188 -0.056
47.188 -0.056
46.250 -0.075
46.562 -0.069
45.938 -0.081
46.562 -0.069
46.875 -0.062
46.250 -0.075
47.500 -0.050
45.938 -0.081
45.938 -0.081
45.625 -0.088
47.500 -0.050
46.562 -0.069
47.188 -0.056
46.250 -0.075
45.625 -0.088
46.250 -0.075
46.562 -0.069
46.562 -0.069
45.938 -0.081
46.250 -0.075
45.312 -0.094
46.875 -0.062
45.312 -0.094
45.000 -0.100
44.688 -0.106
44.375 -0.113
45.938 -0.081
46.562 -0.069
46.562 -0.069
46.562 -0.069
46.562 -0.069
45.625 -0.088
48.438 -0.031
46.250 -0.075
47.500 -0.050
46.562 -0.069
46.875 -0.062
45.938 -0.081
46.875 -0.062
48.750 -0.025
48.750 -0.025
46.875 -0.062
45.312 -0.094
46.250 -0.075
48.125 -0.038
45.938 -0.081
48.125 -0.038
47.188 -0.056
46.875 -0.062
45.625 -0.087
46.250 -0.075
47.500 -0.050
47.500 -0.050
46.875 -0.062
46.250 -0.075
46.875 -0.062
46.562 -0.069
48.438 -0.031
47.812 -0.044
46.250 -0.075
45.938 -0.081
46.562 -0.069
46.875 -0.062
48.125 -0.037
46.875 -0.062
48.125 -0.037
46.875 -0.062
46.562 -0.069
46.875 -0.062
45.312 -0.094
47.500 -0.050
47.188 -0.056
46.562 -0.069
45.625 -0.087
45.938 -0.081
47.188 -0.056
46.562 -0.069
46.250 -0.075
46.875 -0.062
48.750 -0.025
47.812 -0.044
45.938 -0.081
45.938 -0.081
47.500 -0.050
47.188 -0.056
46.875 -0.062
45.000 -0.100
46.875 -0.062
46.562 -0.069
47.188 -0.056
47.188 -0.056
47.500 -0.050
47.500 -0.050
46.562 -0.069
45.000 -0.100
47.500 -0.050
47.500 -0.050
46.250 -0.075
45.625 -0.087
46.250 -0.075
47.188 -0.056
46.875 -0.062
45.312 -0.094
45.312 -0.094
46.875 -0.062
47.500 -0.050
45.938 -0.081
45.938 -0.081
47.188 -0.056
47.500 -0.050
46.875 -0.062
47.500 -0.050
47.500 -0.050
47.500 -0.050
46.875 -0.062
47.188 -0.056
47.188 -0.056
47.812 -0.044
48.125 -0.037
46.562 -0.069
48.125 -0.037
47.188 -0.056
48.125 -0.038
47.812 -0.044
48.125 -0.037
48.750 -0.025
48.125 -0.037
47.812 -0.044
47.188 -0.056
48.750 -0.025
49.688 -0.006
47.500 -0.050
48.438 -0.031
50.000 0.000
49.062 -0.019
48.438 -0.031
48.750 -0.025
50.000 0.000
50.000 0.000
48.438 -0.031
49.375 -0.012
50.313 0.006
49.062 -0.019
49.688 -0.006
49.375 -0.012
50.313 0.006
50.313 0.006
48.750 -0.025
49.375 -0.012
50.313 0.006
52.500 0.050
50.625 0.012
49.688 -0.006
49.688 -0.006
49.375 -0.012
51.250 0.025
51.250 0.025
51.250 0.025
49.375 -0.012
50.938 0.019
50.938 0.019
52.188 0.044
50.000 0.000
50.938 0.019
51.250 0.025
50.625 0.012
48.750 -0.025
51.250 0.025
51.250 0.025
50.625 0.012
48.438 -0.031
48.438 -0.031
50.938 0.019
51.250 0.025
50.625 0.012
48.125 -0.037
49.688 -0.006
52.188 0.044
51.875 0.038
49.688 -0.006
48.750 -0.025
50.625 0.012
51.875 0.038
51.562 0.031
49.375 -0.013
48.750 -0.025
50.313 0.006
50.313 0.006
50.313 0.006
48.125 -0.038
50.000 0.000
51.875 0.038
50.938 0.019
49.375 -0.012
50.313 0.006
50.625 0.012
50.000 0.000
50.625 0.012
50.938 0.019
51.875 0.038
49.688 -0.006
50.000 0.000
50.625 0.013
49.375 -0.012
47.812 -0.044
48.125 -0.038
48.125 -0.037
50.000 0.000
47.812 -0.044
47.812 -0.044
48.125 -0.038
48.438 -0.031
48.750 -0.025
47.812 -0.044
48.438 -0.031
50.000 0.000
48.438 -0.031
48.750 -0.025
47.812 -0.044
48.750 -0.025
48.438 -0.031
46.562 -0.069
48.438 -0.031
47.500 -0.050
49.062 -0.019
47.500 -0.050
46.875 -0.062
48.438 -0.031
49.062 -0.019
50.000 0.000
50.000 0.000
48.750 -0.025
48.750 -0.025
48.750 -0.025
47.812 -0.044
50.313 0.006
48.750 -0.025
48.438 -0.031
48.125 -0.037
50.000 0.000
49.688 -0.006
48.125 -0.037
47.500 -0.050
48.750 -0.025
48.750 -0.025
48.438 -0.031
48.125 -0.037
47.188 -0.056
48.750 -0.025
49.375 -0.013
47.812 -0.044
47.188 -0.056
48.438 -0.031
48.750 -0.025
47.500 -0.050
47.188 -0.056
48.750 -0.025
47.188 -0.056
46.562 -0.069
46.562 -0.069
46.875 -0.062
48.125 -0.037
45.625 -0.088
46.250 -0.075
47.812 -0.044
48.125 -0.038
48.125 -0.037
48.438 -0.031
48.438 -0.031
48.750 -0.025
47.500 -0.050
48.125 -0.037
47.500 -0.050
48.125 -0.037
47.500 -0.050
47.500 -0.050
47.188 -0.056
46.875 -0.062
48.750 -0.025
46.562 -0.069
47.500 -0.050
47.188 -0.056
47.188 -0.056
46.250 -0.075
47.500 -0.050
46.875 -0.062
46.562 -0.069
46.875 -0.062
47.188 -0.056
47.188 -0.056
47.188 -0.056
45.312 -0.094
47.812 -0.044
47.500 -0.050
47.812 -0.044
44.375 -0.113
46.875 -0.062
47.188 -0.056
48.750 -0.025
47.500 -0.050
45.938 -0.081
46.875 -0.062
48.750 -0.025
48.125 -0.037
46.562 -0.069
46.875 -0.062
49.688 -0.006
49.062 -0.019
46.250 -0.075
45.938 -0.081
45.000 -0.100
47.500 -0.050
47.812 -0.044
46.250 -0.075
44.688 -0.106
44.688 -0.106
45.312 -0.094
46.562 -0.069
45.312 -0.094
45.312 -0.094
43.750 -0.125
46.250 -0.075
45.625 -0.087
45.625 -0.088
46.250 -0.075
46.562 -0.069
46.250 -0.075
45.000 -0.100
45.938 -0.081
47.188 -0.056
48.125 -0.037
47.812 -0.044
45.938 -0.081
46.562 -0.069
47.500 -0.050
47.188 -0.056
48.438 -0.031
47.188 -0.056
46.250 -0.075
46.875 -0.062
48.125 -0.038
48.438 -0.031
47.188 -0.056
47.500 -0.050
47.500 -0.050
47.812 -0.044
47.188 -0.056
46.875 -0.062
47.500 -0.050
46.562 -0.069
48.438 -0.031
46.875 -0.062
47.812 -0.044
47.188 -0.056
47.500 -0.050
47.812 -0.044
46.875 -0.062
45.938 -0.081
46.250 -0.075
46.875 -0.062
46.875 -0.062
46.875 -0.062
46.562 -0.069
47.188 -0.056
46.875 -0.062
47.812 -0.044
45.625 -0.088
46.250 -0.075
46.875 -0.062
47.812 -0.044
47.188 -0.056
46.250 -0.075
46.562 -0.069
47.500 -0.050
47.812 -0.044
47.188 -0.056
47.500 -0.050
48.125 -0.038
47.188 -0.056
48.125 -0.037
48.125 -0.037
48.750 -0.025
47.188 -0.056
46.562 -0.069
46.562 -0.069
48.125 -0.037
48.750 -0.025
45.938 -0.081
45.000 -0.100
46.875 -0.062
48.125 -0.037
47.188 -0.056
46.562 -0.069
46.250 -0.075
46.875 -0.062
48.125 -0.038
47.188 -0.056
47.812 -0.044
48.750 -0.025
47.500 -0.050
47.188 -0.056
47.188 -0.056
49.375 -0.013
47.500 -0.050
46.875 -0.062
47.500 -0.050
47.812 -0.044
47.500 -0.050
45.938 -0.081
46.875 -0.062
48.125 -0.037
48.125 -0.037
47.500 -0.050
47.812 -0.044
47.812 -0.044
47.812 -0.044
47.500 -0.050
47.500 -0.050
47.500 -0.050
47.188 -0.056
47.812 -0.044
47.812 -0.044
48.438 -0.031
47.188 -0.056
47.812 -0.044
49.062 -0.019
47.500 -0.050
47.812 -0.044
47.500 -0.050
47.812 -0.044
48.750 -0.025
47.500 -0.050
46.875 -0.062
45.938 -0.081
47.188 -0.056
46.562 -0.069
46.562 -0.069
47.500 -0.050
47.188 -0.056
46.250 -0.075
46.250 -0.075
48.438 -0.031
48.438 -0.031
48.438 -0.031
47.188 -0.056
45.312 -0.094
47.812 -0.044
48.125 -0.038
47.812 -0.044
46.562 -0.069
48.125 -0.038
48.438 -0.031
48.438 -0.031
49.375 -0.012
46.875 -0.062
48.438 -0.031
47.812 -0.044
47.188 -0.056
48.438 -0.031
47.812 -0.044
48.750 -0.025
47.188 -0.056
48.438 -0.031
48.438 -0.031
50.313 0.006
48.750 -0.025
48.750 -0.025
48.125 -0.038
46.875 -0.062
49.375 -0.012
49.688 -0.006
48.125 -0.037
46.875 -0.062
47.812 -0.044
49.688 -0.006
50.000 0.000
48.438 -0.031
47.812 -0.044
49.062 -0.019
50.000 0.000
48.750 -0.025
48.125 -0.038
48.438 -0.031
49.062 -0.019
49.062 -0.019
47.812 -0.044
48.125 -0.037
48.750 -0.025
48.438 -0.031
47.500 -0.050
46.562 -0.069
47.500 -0.050
47.500 -0.050
48.438 -0.031
48.438 -0.031
46.875 -0.062
47.812 -0.044
45.938 -0.081
47.500 -0.050
48.125 -0.037
47.500 -0.050
47.188 -0.056
47.500 -0.050
47.812 -0.044
46.562 -0.069
46.562 -0.069
46.250 -0.075
48.438 -0.031
49.062 -0.019
46.875 -0.062
47.812 -0.044
47.812 -0.044
48.438 -0.031
48.125 -0.037
48.438 -0.031
48.125 -0.037
47.500 -0.050
46.562 -0.069
48.125 -0.037
47.812 -0.044
48.750 -0.025
46.562 -0.069
46.250 -0.075
46.875 -0.062
48.125 -0.038
47.812 -0.044
46.562 -0.069
46.562 -0.069
47.500 -0.050
45.938 -0.081
46.562 -0.069
47.188 -0.056
47.812 -0.044
47.500 -0.050
47.188 -0.056
46.562 -0.069
48.750 -0.025
47.500 -0.050
46.562 -0.069
46.562 -0.069
46.562 -0.069
46.250 -0.075
46.250 -0.075
46.875 -0.062
45.312 -0.094
46.250 -0.075
45.000 -0.100
46.875 -0.062
46.875 -0.062
45.938 -0.081
46.562 -0.069
46.562 -0.069
46.250 -0.075
46.562 -0.069
46.562 -0.069
46.250 -0.075
47.500 -0.050
47.188 -0.056
46.250 -0.075
45.000 -0.100
46.250 -0.075
46.875 -0.062
46.250 -0.075
46.250 -0.075
47.500 -0.050
46.562 -0.069
46.562 -0.069
47.188 -0.056
47.500 -0.050
47.500 -0.050
46.875 -0.062
47.500 -0.050
48.125 -0.038
47.188 -0.056
47.188 -0.056
47.500 -0.050
47.500 -0.050
46.875 -0.062
45.938 -0.081
46.250 -0.075
47.500 -0.050
47.500 -0.050
47.188 -0.056
46.562 -0.069
46.562 -0.069
47.188 -0.056
47.500 -0.050
46.562 -0.069
46.875 -0.062
45.625 -0.088
45.938 -0.081
46.250 -0.075
45.938 -0.081
46.562 -0.069
47.500 -0.050
46.875 -0.062
46.875 -0.062
45.938 -0.081
46.562 -0.069
48.125 -0.038
48.750 -0.025
47.500 -0.050
46.562 -0.069
48.438 -0.031
48.125 -0.037
47.500 -0.050
47.188 -0.056
47.500 -0.050
48.438 -0.031
47.188 -0.056
47.812 -0.044
49.062 -0.019
49.375 -0.012
48.438 -0.031
49.062 -0.019
49.375 -0.012
50.313 0.006
49.062 -0.019
48.438 -0.031
48.750 -0.025
50.000 0.000
49.375 -0.012
49.375 -0.012
48.750 -0.025
50.313 0.006
50.313 0.006
50.313 0.006
49.062 -0.019
49.688 -0.006
50.000 0.000
50.938 0.019
49.062 -0.019
49.062 -0.019
49.375 -0.012
48.438 -0.031
48.438 -0.031
50.625 0.012
50.000 0.000
48.125 -0.037
49.375 -0.012
49.375 -0.012
49.375 -0.012
50.313 0.006
48.125 -0.037
48.125 -0.037
48.125 -0.037
49.375 -0.012
49.688 -0.006
49.062 -0.019
48.125 -0.037
48.125 -0.038
49.062 -0.019
48.750 -0.025
47.812 -0.044
48.750 -0.025
48.750 -0.025
48.750 -0.025
48.125 -0.037
48.750 -0.025
48.125 -0.038
48.750 -0.025
48.750 -0.025
48.125 -0.038
48.438 -0.031
48.438 -0.031
49.062 -0.019
48.125 -0.037
48.125 -0.037
49.062 -0.019
49.062 -0.019
49.375 -0.013
49.375 -0.013
48.438 -0.031
48.125 -0.037
49.375 -0.013
49.062 -0.019
48.750 -0.025
49.375 -0.012
48.125 -0.037
49.062 -0.019
49.375 -0.012
50.313 0.006
49.688 -0.006
50.625 0.012
49.688 -0.006
49.375 -0.012
50.938 0.019
51.875 0.038
50.625 0.012
50.000 0.000
50.313 0.006
50.938 0.019
51.875 0.038
51.562 0.031
51.875 0.038
51.875 0.038
52.188 0.044
52.188 0.044
53.125 0.062
53.125 0.062
53.438 0.069
51.875 0.038
52.812 0.056
53.750 0.075
54.062 0.081
52.500 0.050
52.812 0.056
54.062 0.081
53.750 0.075
53.750 0.075
53.125 0.062
53.750 0.075
54.062 0.081
54.688 0.094
53.750 0.075
54.062 0.081
54.062 0.081
52.812 0.056
54.062 0.081
54.062 0.081
55.312 0.106
54.375 0.087
53.438 0.069
52.188 0.044
54.688 0.094
53.750 0.075
53.750 0.075
52.812 0.056
52.188 0.044
53.750 0.075
54.688 0.094
53.750 0.075
52.188 0.044
53.438 0.069
53.125 0.062
54.688 0.094
52.188 0.044
51.562 0.031
51.250 0.025
52.500 0.050
53.125 0.062
51.562 0.031
51.562 0.031
52.188 0.044
52.812 0.056
52.500 0.050
52.812 0.056
51.562 0.031
52.500 0.050
51.875 0.038
54.062 0.081
53.750 0.075
52.812 0.056
52.500 0.050
53.750 0.075
52.812 0.056
53.438 0.069
53.438 0.069
52.500 0.050
52.812 0.056
51.875 0.038
53.438 0.069
54.375 0.087
53.750 0.075
51.250 0.025
52.500 0.050
55.937 0.119
56.250 0.125
53.125 0.062
53.438 0.069
55.000 0.100
55.937 0.119
54.375 0.087
54.688 0.094
56.250 0.125
55.000 0.100
53.125 0.062
53.125 0.062
55.937 0.119
56.563 0.131
54.688 0.094
55.000 0.100
55.000 0.100
54.375 0.087
55.937 0.119
56.250 0.125
56.563 0.131
54.375 0.087
55.000 0.100
57.500 0.150
55.625 0.113
55.937 0.119
55.312 0.106
56.563 0.131
57.500 0.150
55.312 0.106
55.937 0.119
55.000 0.100
56.875 0.137
56.875 0.138
55.000 0.100
57.188 0.144
56.563 0.131
56.563 0.131
56.250 0.125
58.125 0.163
58.125 0.163
57.188 0.144
54.375 0.087
57.500 0.150
59.062 0.181
58.125 0.163
56.875 0.138
56.875 0.137
57.188 0.144
59.062 0.181
57.188 0.144
56.563 0.131
56.563 0.131
57.188 0.144
57.188 0.144
59.062 0.181
58.438 0.169
57.500 0.150
56.250 0.125
56.250 0.125
57.188 0.144
57.500 0.150
57.500 0.150
57.812 0.156
57.188 0.144
57.500 0.150
55.312 0.106
58.438 0.169
57.812 0.156
56.563 0.131
56.563 0.131
56.563 0.131
58.438 0.169
59.062 0.181
57.812 0.156
57.500 0.150
58.125 0.163
57.500 0.150
60.312 0.206
58.438 0.169
58.750 0.175
57.812 0.156
60.000 0.200
59.688 0.194
60.625 0.212
57.188 0.144
57.500 0.150
61.562 0.231
62.187 0.244
57.500 0.150
58.125 0.163
59.688 0.194
60.312 0.206
58.438 0.169
58.750 0.175
58.438 0.169
59.688 0.194
59.062 0.181
59.375 0.188
59.375 0.188
59.375 0.188
59.375 0.188
58.125 0.163
59.062 0.181
59.688 0.194
59.688 0.194
58.750 0.175
59.062 0.181
59.688 0.194
59.375 0.188
59.375 0.188
59.062 0.181
60.000 0.200
60.938 0.219
60.312 0.206
59.375 0.188
60.000 0.200
61.250 0.225
61.562 0.231
59.688 0.194
60.625 0.212
62.187 0.244
61.250 0.225
62.187 0.244
60.938 0.219
62.813 0.256
62.813 0.256
62.187 0.244
62.813 0.256
61.875 0.238
62.187 0.244
62.813 0.256
62.813 0.256
62.500 0.250
61.875 0.238
62.813 0.256
63.125 0.263
62.813 0.256
64.688 0.294
64.375 0.288
65.312 0.306
64.062 0.281
64.375 0.288
64.062 0.281
64.688 0.294
64.062 0.281
63.438 0.269
65.312 0.306
64.062 0.281
65.000 0.300
64.375 0.288
66.250 0.325
64.375 0.288
64.375 0.288
65.312 0.306
65.312 0.306
65.938 0.319
66.250 0.325
65.938 0.319
65.938 0.319
66.250 0.325
66.875 0.337
68.438 0.369
66.875 0.337
66.250 0.325
68.125 0.363
68.750 0.375
67.188 0.344
66.875 0.337
67.188 0.344
68.438 0.369
68.125 0.363
67.812 0.356
67.188 0.344
67.188 0.344
65.938 0.319
67.812 0.356
69.062 0.381
68.750 0.375
67.188 0.344
67.188 0.344
68.438 0.369
69.375 0.387
68.750 0.375
67.500 0.350
67.188 0.344
69.062 0.381
69.688 0.394
70.000 0.400
67.812 0.356
68.438 0.369
68.750 0.375
71.250 0.425
72.188 0.444
70.625 0.413
68.750 0.375
69.062 0.381
70.312 0.406
72.812 0.456
71.250 0.425
70.938 0.419
71.562 0.431
70.312 0.406
71.875 0.438
72.188 0.444
73.125 0.462
73.125 0.462
70.625 0.413
72.500 0.450
71.875 0.438
72.500 0.450
72.812 0.456
71.562 0.431
71.875 0.438
73.438 0.469
73.438 0.469
73.125 0.462
74.062 0.481
73.750 0.475
73.125 0.462
74.062 0.481
72.812 0.456
73.750 0.475
73.750 0.475
74.062 0.481
73.750 0.475
73.125 0.462
74.688 0.494
74.688 0.494
75.625 0.513
76.250 0.525
75.000 0.500
76.250 0.525
74.375 0.487
75.312 0.506
75.625 0.512
74.688 0.494
75.312 0.506
75.625 0.512
75.625 0.512
75.000 0.500
75.000 0.500
76.562 0.531
75.938 0.519
74.375 0.487
76.562 0.531
76.875 0.538
77.188 0.544
75.938 0.519
75.938 0.519
76.250 0.525
76.875 0.538
75.625 0.513
74.062 0.481
75.625 0.512
75.625 0.513
76.562 0.531
75.000 0.500
76.562 0.531
76.562 0.531
76.562 0.531
75.625 0.512
75.938 0.519
77.500 0.550
77.500 0.550
79.688 0.594
76.250 0.525
77.188 0.544
78.438 0.569
80.000 0.600
77.500 0.550
77.500 0.550
78.438 0.569
79.375 0.587
80.312 0.606
78.125 0.562
77.500 0.550
77.500 0.550
80.625 0.613
78.750 0.575
80.000 0.600
80.000 0.600
80.938 0.619
81.250 0.625
81.250 0.625
80.312 0.606
82.188 0.644
82.812 0.656
82.500 0.650
83.125 0.663
82.188 0.644
82.188 0.644
81.250 0.625
82.500 0.650
83.438 0.669
82.812 0.656
81.875 0.638
81.562 0.631
82.500 0.650
83.750 0.675
82.812 0.656
83.438 0.669
81.562 0.631
83.438 0.669
84.062 0.681
83.125 0.663
83.438 0.669
83.125 0.663
84.375 0.688
82.812 0.656
84.062 0.681
84.062 0.681
84.375 0.688
83.750 0.675
83.438 0.669
83.438 0.669
84.688 0.694
84.688 0.694
83.750 0.675
83.750 0.675
84.062 0.681
85.000 0.700
85.312 0.706
85.000 0.700
85.000 0.700
85.938 0.719
88.125 0.762
86.250 0.725
87.500 0.750
85.625 0.712
86.562 0.731
86.875 0.737
86.250 0.725
86.875 0.738
88.438 0.769
86.875 0.737
85.938 0.719
86.875 0.738
87.812 0.756
88.125 0.763
87.500 0.750
87.812 0.756
86.875 0.737
87.812 0.756
88.438 0.769
87.500 0.750
87.812 0.756
87.500 0.750
87.188 0.744
88.750 0.775
88.438 0.769
87.500 0.750
88.438 0.769
87.812 0.756
88.750 0.775
88.438 0.769
87.812 0.756
87.812 0.756
88.750 0.775
88.438 0.769
89.688 0.794
88.750 0.775
89.062 0.781
88.750 0.775
89.688 0.794
88.438 0.769
88.750 0.775
88.438 0.769
89.062 0.781
89.375 0.788
88.125 0.762
89.062 0.781
88.125 0.763
88.125 0.762
87.812 0.756
89.375 0.788
88.438 0.769
88.438 0.769
88.438 0.769
88.438 0.769
88.750 0.775
88.125 0.763
89.062 0.781
88.750 0.775
88.125 0.763
88.125 0.763
87.500 0.750
88.125 0.762
89.375 0.788
89.375 0.788
88.438 0.769
88.125 0.762
88.750 0.775
88.125 0.762
88.750 0.775
88.125 0.762
88.750 0.775
89.062 0.781
88.750 0.775
87.188 0.744
87.188 0.744
88.750 0.775
88.750 0.775
87.500 0.750
87.500 0.750
87.812 0.756
88.750 0.775
88.438 0.769
87.812 0.756
88.125 0.762
87.500 0.750
87.812 0.756
87.188 0.744
88.438 0.769
88.750 0.775
88.438 0.769
89.062 0.781
88.438 0.769
88.438 0.769
88.438 0.769
88.750 0.775
88.750 0.775
89.375 0.788
88.438 0.769
88.750 0.775
88.750 0.775
89.062 0.781
90.000 0.800
88.750 0.775
88.750 0.775
87.812 0.756
88.750 0.775
89.375 0.788
89.375 0.788
89.375 0.788
88.125 0.763
89.062 0.781
88.750 0.775
89.375 0.788
89.375 0.788
87.500 0.750
88.750 0.775
89.375 0.788
90.938 0.819
89.688 0.794
89.062 0.781
88.438 0.769
90.000 0.800
90.938 0.819
89.688 0.794
89.688 0.794
89.688 0.794
90.312 0.806
90.938 0.819
90.000 0.800
89.375 0.788
89.688 0.794
90.625 0.812
90.938 0.819
90.312 0.806
89.375 0.788
90.312 0.806
90.312 0.806
91.562 0.831
90.625 0.812
90.312 0.806
90.000 0.800
91.250 0.825
90.938 0.819
90.312 0.806
90.625 0.812
89.375 0.788
90.312 0.806
90.000 0.800
90.625 0.812
89.688 0.794
90.000 0.800
90.000 0.800
90.312 0.806
90.938 0.819
90.625 0.812
90.625 0.812
90.000 0.800
90.000 0.800
90.000 0.800
91.562 0.831
90.938 0.819
90.312 0.806
90.312 0.806
90.938 0.819
91.875 0.837
91.250 0.825
90.625 0.812
90.938 0.819
90.625 0.812
91.250 0.825
90.938 0.819
90.938 0.819
89.688 0.794
90.625 0.812
90.938 0.819
90.938 0.819
90.938 0.819
90.938 0.819
91.250 0.825
90.938 0.819
91.250 0.825
91.562 0.831
91.562 0.831
91.250 0.825
90.938 0.819
90.312 0.806
91.562 0.831
92.188 0.844
90.938 0.819
90.938 0.819
91.250 0.825
91.250 0.825
91.562 0.831
91.250 0.825
91.250 0.825
91.562 0.831
91.250 0.825
91.250 0.825
91.250 0.825
90.938 0.819
91.875 0.837
91.562 0.831
91.562 0.831
92.188 0.844
91.562 0.831
92.188 0.844
91.875 0.837
91.562 0.831
90.938 0.819
91.875 0.837
91.875 0.837
91.562 0.831
91.562 0.831
91.875 0.837
90.625 0.812
91.562 0.831
90.625 0.812
90.938 0.819
91.562 0.831
91.562 0.831
91.250 0.825
90.312 0.806
92.188 0.844
92.812 0.856
91.562 0.831
91.250 0.825
90.625 0.812
91.250 0.825
91.875 0.837
91.875 0.837
91.250 0.825
90.000 0.800
91.250 0.825
90.938 0.819
91.875 0.837
90.938 0.819
91.250 0.825
90.938 0.819
90.938 0.819
92.500 0.850
92.500 0.850
91.250 0.825
90.312 0.806
91.562 0.831
90.938 0.819
90.938 0.819
92.188 0.844
90.938 0.819
90.625 0.812
91.250 0.825
90.312 0.806
90.312 0.806
91.562 0.831
90.938 0.819
90.938 0.819
91.875 0.837
91.562 0.831
90.938 0.819
90.312 0.806
90.625 0.812
90.000 0.800
90.938 0.819
90.625 0.812
90.938 0.819
91.875 0.837
90.625 0.812
90.312 0.806
91.562 0.831
90.000 0.800
91.250 0.825
90.938 0.819
90.625 0.812
90.312 0.806
89.688 0.794
90.938 0.819
90.312 0.806
90.625 0.812
90.312 0.806
90.000 0.800
90.625 0.812
90.625 0.812
90.312 0.806
90.312 0.806
89.375 0.788
89.062 0.781
89.688 0.794
90.625 0.812
89.062 0.781
88.125 0.763
87.500 0.750
89.688 0.794
90.000 0.800
88.125 0.762
87.188 0.744
87.188 0.744
88.750 0.775
87.188 0.744
87.188 0.744
86.875 0.738
86.875 0.738
87.500 0.750
86.250 0.725
86.562 0.731
85.938 0.719
87.500 0.750
85.625 0.712
85.938 0.719
86.250 0.725
86.250 0.725
86.562 0.731
86.562 0.731
85.938 0.719
86.562 0.731
87.188 0.744
86.562 0.731
85.625 0.712
85.625 0.712
85.938 0.719
86.250 0.725
86.250 0.725
86.250 0.725
86.250 0.725
85.625 0.712
86.250 0.725
86.875 0.738
86.875 0.738
85.625 0.712
85.938 0.719
87.188 0.744
86.562 0.731
85.312 0.706
85.938 0.719
86.875 0.738
86.875 0.738
85.625 0.712
85.312 0.706
86.562 0.731
87.188 0.744
87.188 0.744
85.625 0.712
85.625 0.712
86.875 0.738
87.500 0.750
87.188 0.744
85.625 0.712
85.938 0.719
86.562 0.731
86.562 0.731
85.938 0.719
86.562 0.731
86.250 0.725
86.250 0.725
86.250 0.725
87.500 0.750
88.438 0.769
86.875 0.738
85.938 0.719
86.250 0.725
88.438 0.769
88.750 0.775
86.875 0.738
86.562 0.731
86.250 0.725
87.812 0.756
86.875 0.738
86.562 0.731
87.500 0.750
87.500 0.750
88.125 0.762
87.188 0.744
87.188 0.744
86.562 0.731
87.500 0.750
87.188 0.744
85.938 0.719
86.875 0.738
87.812 0.756
88.125 0.763
86.875 0.737
86.562 0.731
87.812 0.756
87.500 0.750
87.188 0.744
85.625 0.712
86.562 0.731
86.250 0.725
85.312 0.706
86.562 0.731
86.875 0.738
87.188 0.744
86.250 0.725
85.938 0.719
86.562 0.731
87.500 0.750
87.188 0.744
85.938 0.719
85.000 0.700
85.625 0.712
86.875 0.738
86.562 0.731
84.688 0.694
85.312 0.706
85.625 0.712
86.562 0.731
86.250 0.725
84.375 0.688
85.625 0.712
84.375 0.688
84.688 0.694
85.312 0.706
83.750 0.675
84.375 0.688
84.688 0.694
84.062 0.681
84.062 0.681
83.438 0.669
85.000 0.700
84.688 0.694
84.062 0.681
83.438 0.669
83.750 0.675
83.125 0.663
83.125 0.663
82.188 0.644
82.812 0.656
82.812 0.656
82.188 0.644
81.875 0.638
80.938 0.619
81.875 0.637
83.750 0.675
82.812 0.656
81.562 0.631
81.562 0.631
80.625 0.613
81.250 0.625
81.250 0.625
81.562 0.631
81.562 0.631
80.938 0.619
80.312 0.606
80.625 0.612
81.562 0.631
81.250 0.625
81.250 0.625
80.938 0.619
80.625 0.612
80.625 0.612
79.688 0.594
80.000 0.600
80.312 0.606
79.375 0.587
80.000 0.600
79.688 0.594
78.438 0.569
79.688 0.594
79.062 0.581
79.688 0.594
79.688 0.594
78.750 0.575
79.062 0.581
79.375 0.587
79.375 0.587
79.688 0.594
78.750 0.575
78.750 0.575
79.688 0.594
79.688 0.594
79.375 0.587
79.375 0.587
77.812 0.556
78.750 0.575
79.375 0.587
80.000 0.600
78.125 0.562
79.062 0.581
79.688 0.594
78.438 0.569
78.125 0.562
78.438 0.569
79.062 0.581
76.562 0.531
77.188 0.544
77.500 0.550
78.125 0.562
77.188 0.544
76.875 0.538
77.188 0.544
77.188 0.544
78.438 0.569
77.188 0.544
77.500 0.550
77.188 0.544
76.875 0.538
77.812 0.556
78.125 0.562
77.500 0.550
77.188 0.544
76.562 0.531
77.500 0.550
76.875 0.538
78.125 0.562
77.188 0.544
77.188 0.544
76.875 0.538
77.812 0.556
77.500 0.550
76.250 0.525
76.875 0.538
78.125 0.562
77.812 0.556
77.500 0.550
76.875 0.538
76.562 0.531
77.188 0.544
78.438 0.569
77.188 0.544
76.875 0.538
76.250 0.525
76.875 0.538
77.500 0.550
76.875 0.538
76.875 0.538
76.562 0.531
76.250 0.525
76.250 0.525
76.250 0.525
76.562 0.531
76.875 0.538
77.188 0.544
75.938 0.519
75.938 0.519
75.625 0.512
76.250 0.525
75.312 0.506
74.688 0.494
76.250 0.525
75.312 0.506
75.312 0.506
73.750 0.475
75.625 0.513
75.938 0.519
74.688 0.494
73.750 0.475
75.938 0.519
75.938 0.519
74.688 0.494
74.062 0.481
75.000 0.500
75.938 0.519
74.062 0.481
74.688 0.494
74.688 0.494
74.688 0.494
75.938 0.519
75.000 0.500
75.000 0.500
73.750 0.475
75.938 0.519
75.312 0.506
75.000 0.500
75.000 0.500
75.625 0.512
74.062 0.481
75.000 0.500
74.062 0.481
75.312 0.506
75.000 0.500
75.000 0.500
74.062 0.481
75.000 0.500
75.312 0.506
75.312 0.506
74.062 0.481
73.750 0.475
74.062 0.481
74.688 0.494
74.375 0.488
72.812 0.456
73.125 0.462
73.438 0.469
73.438 0.469
73.438 0.469
72.812 0.456
73.125 0.462
72.812 0.456
73.125 0.462
73.125 0.462
73.125 0.462
72.812 0.456
73.125 0.462
73.750 0.475
71.562 0.431
70.625 0.413
71.875 0.438
72.812 0.456
71.562 0.431
70.000 0.400
71.250 0.425
71.250 0.425
71.250 0.425
70.312 0.406
70.938 0.419
70.938 0.419
70.625 0.413
71.250 0.425
70.938 0.419
71.562 0.431
70.938 0.419
70.625 0.413
70.625 0.413
71.250 0.425
70.625 0.413
71.875 0.438
71.562 0.431
70.938 0.419
70.938 0.419
71.562 0.431
70.312 0.406
71.250 0.425
69.375 0.388
70.938 0.419
71.250 0.425
71.250 0.425
70.625 0.413
69.375 0.388
70.938 0.419
71.875 0.438
69.688 0.394
70.000 0.400
70.938 0.419
71.250 0.425
70.625 0.413
71.250 0.425
70.938 0.419
71.250 0.425
70.312 0.406
70.000 0.400
71.562 0.431
71.562 0.431
70.625 0.413
71.562 0.431
71.250 0.425
72.188 0.444
70.938 0.419
71.562 0.431
71.562 0.431
70.938 0.419
69.375 0.387
68.750 0.375
70.938 0.419
70.938 0.419
69.688 0.394
68.438 0.369
69.062 0.381
70.312 0.406
70.312 0.406
68.750 0.375
68.750 0.375
69.688 0.394
69.688 0.394
67.812 0.356
68.750 0.375
68.438 0.369
69.375 0.388
67.500 0.350
67.188 0.344
68.438 0.369
68.750 0.375
68.750 0.375
67.500 0.350
66.875 0.337
68.750 0.375
68.750 0.375
68.125 0.363
68.125 0.363
66.875 0.337
68.750 0.375
67.812 0.356
66.562 0.331
68.750 0.375
67.812 0.356
68.125 0.363
68.125 0.363
67.500 0.350
68.438 0.369
67.812 0.356
68.750 0.375
67.188 0.344
65.625 0.312
66.250 0.325
68.125 0.363
67.188 0.344
65.000 0.300
66.250 0.325
66.875 0.337
67.812 0.356
66.875 0.337
66.562 0.331
66.875 0.337
67.500 0.350
65.625 0.312
66.250 0.325
65.938 0.319
66.562 0.331
66.562 0.331
66.875 0.337
66.562 0.331
66.562 0.331
66.250 0.325
65.938 0.319
66.250 0.325
66.562 0.331
65.938 0.319
66.250 0.325
65.625 0.312
65.938 0.319
65.625 0.312
67.812 0.356
65.938 0.319
65.938 0.319
65.312 0.306
65.625 0.312
