# Accuracy (%) - Kappa coefficient
49.688 -0.006
50.938 0.019
51.875 0.038
50.625 0.012
50.938 0.019
50.938 0.019
50.313 0.006
51.250 0.025
50.625 0.012
51.250 0.025
51.562 0.031
50.625 0.012
51.562 0.031
51.562 0.031
51.250 0.025
50.938 0.019
51.250 0.025
50.313 0.006
51.250 0.025
51.875 0.038
52.188 0.044
50.938 0.019
49.688 -0.006
49.688 -0.006
50.000 0.000
50.625 0.012
51.875 0.038
52.188 0.044
51.875 0.038
52.812 0.056
52.500 0.050
50.313 0.006
51.562 0.031
51.875 0.038
50.938 0.019
51.875 0.038
51.250 0.025
52.188 0.044
52.188 0.044
53.125 0.062
51.875 0.038
52.188 0.044
52.188 0.044
52.812 0.056
52.500 0.050
52.188 0.044
52.812 0.056
53.125 0.062
52.500 0.050
51.875 0.038
51.562 0.031
53.438 0.069
52.500 0.050
52.812 0.056
52.188 0.044
52.188 0.044
52.188 0.044
54.062 0.081
53.438 0.069
54.375 0.087
53.438 0.069
52.188 0.044
52.188 0.044
52.188 0.044
54.062 0.081
52.812 0.056
51.250 0.025
52.188 0.044
52.500 0.050
51.875 0.038
50.938 0.019
50.938 0.019
51.875 0.038
51.562 0.031
52.500 0.050
52.812 0.056
52.188 0.044
51.562 0.031
53.750 0.075
55.000 0.100
54.688 0.094
51.875 0.038
52.500 0.050
52.500 0.050
52.812 0.056
53.125 0.062
53.750 0.075
55.000 0.100
53.438 0.069
53.125 0.062
53.125 0.062
52.188 0.044
52.500 0.050
52.188 0.044
53.438 0.069
53.438 0.069
52.812 0.056
53.750 0.075
53.438 0.069
52.500 0.050
52.500 0.050
52.188 0.044
53.438 0.069
54.062 0.081
52.500 0.050
52.500 0.050
53.750 0.075
52.500 0.050
50.938 0.019
54.062 0.081
53.750 0.075
54.062 0.081
53.438 0.069
52.500 0.050
53.750 0.075
54.688 0.094
55.937 0.119
54.062 0.081
54.688 0.094
54.375 0.087
54.688 0.094
55.937 0.119
55.937 0.119
57.500 0.150
54.688 0.094
53.438 0.069
53.438 0.069
52.500 0.050
53.438 0.069
52.812 0.056
51.562 0.031
52.188 0.044
54.062 0.081
55.000 0.100
54.062 0.081
53.125 0.062
54.062 0.081
52.812 0.056
53.750 0.075
54.062 0.081
52.812 0.056
54.375 0.087
54.375 0.087
54.688 0.094
54.688 0.094
55.000 0.100
54.375 0.087
52.812 0.056
54.062 0.081
54.688 0.094
55.312 0.106
54.688 0.094
55.000 0.100
55.000 0.100
54.375 0.087
53.750 0.075
55.000 0.100
54.688 0.094
54.375 0.088
54.688 0.094
54.375 0.088
54.375 0.087
55.000 0.100
53.750 0.075
53.125 0.062
53.750 0.075
53.750 0.075
53.750 0.075
53.438 0.069
53.125 0.062
52.500 0.050
53.125 0.062
53.750 0.075
52.188 0.044
53.438 0.069
53.750 0.075
52.188 0.044
51.562 0.031
52.812 0.056
52.188 0.044
50.938 0.019
53.125 0.062
52.812 0.056
52.500 0.050
52.188 0.044
54.062 0.081
53.438 0.069
51.562 0.031
52.188 0.044
51.250 0.025
50.938 0.019
51.250 0.025
50.625 0.012
51.562 0.031
50.625 0.012
50.625 0.012
49.688 -0.006
50.938 0.019
52.188 0.044
51.562 0.031
51.562 0.031
50.938 0.019
51.250 0.025
50.938 0.019
52.188 0.044
51.562 0.031
51.562 0.031
51.562 0.031
50.938 0.019
51.875 0.038
53.438 0.069
54.375 0.087
53.125 0.062
51.562 0.031
50.000 0.000
51.562 0.031
50.938 0.019
52.500 0.050
52.812 0.056
53.125 0.062
52.500 0.050
51.562 0.031
52.500 0.050
51.875 0.038
50.000 0.000
50.625 0.013
51.562 0.031
52.188 0.044
52.500 0.050
52.188 0.044
52.500 0.050
51.562 0.031
52.188 0.044
52.812 0.056
53.125 0.062
52.500 0.050
51.562 0.031
52.812 0.056
51.562 0.031
51.875 0.038
51.562 0.031
51.875 0.038
52.812 0.056
52.188 0.044
52.188 0.044
51.250 0.025
51.250 0.025
51.875 0.038
52.812 0.056
51.875 0.038
52.500 0.050
51.250 0.025
51.875 0.038
52.188 0.044
52.188 0.044
52.500 0.050
51.875 0.038
51.875 0.038
50.938 0.019
50.625 0.012
53.438 0.069
52.500 0.050
52.188 0.044
53.438 0.069
51.250 0.025
52.500 0.050
53.125 0.062
52.188 0.044
53.125 0.062
53.750 0.075
53.125 0.062
52.500 0.050
52.188 0.044
53.125 0.062
51.875 0.038
54.062 0.081
52.500 0.050
52.812 0.056
52.812 0.056
52.812 0.056
52.812 0.056
53.750 0.075
53.438 0.069
53.438 0.069
52.188 0.044
52.812 0.056
51.875 0.038
53.125 0.062
53.125 0.062
52.188 0.044
52.812 0.056
52.188 0.044
52.812 0.056
53.438 0.069
53.750 0.075
53.438 0.069
53.125 0.062
53.438 0.069
52.812 0.056
52.188 0.044
51.875 0.038
50.938 0.019
51.250 0.025
51.562 0.031
53.125 0.062
52.812 0.056
53.125 0.062
51.875 0.038
51.562 0.031
52.188 0.044
52.812 0.056
52.188 0.044
52.500 0.050
53.125 0.062
54.062 0.081
53.125 0.062
53.438 0.069
52.500 0.050
53.125 0.062
51.875 0.038
53.750 0.075
52.500 0.050
53.750 0.075
54.375 0.087
54.375 0.087
52.812 0.056
53.125 0.062
53.438 0.069
53.438 0.069
54.375 0.087
52.188 0.044
52.500 0.050
52.812 0.056
51.875 0.038
52.812 0.056
53.125 0.062
52.188 0.044
52.500 0.050
51.875 0.038
52.812 0.056
53.750 0.075
54.375 0.087
53.125 0.062
53.750 0.075
51.875 0.038
52.812 0.056
52.500 0.050
52.812 0.056
52.500 0.050
51.562 0.031
52.188 0.044
53.750 0.075
52.500 0.050
52.188 0.044
53.438 0.069
54.062 0.081
52.500 0.050
51.562 0.031
51.875 0.038
51.875 0.038
52.500 0.050
52.188 0.044
54.062 0.081
52.188 0.044
53.125 0.062
52.188 0.044
51.875 0.038
52.812 0.056
52.188 0.044
51.875 0.038
51.875 0.038
50.625 0.012
52.188 0.044
53.750 0.075
52.812 0.056
51.250 0.025
50.625 0.012
50.938 0.019
51.875 0.038
51.250 0.025
50.938 0.019
52.500 0.050
52.188 0.044
51.250 0.025
52.188 0.044
51.250 0.025
50.625 0.012
51.562 0.031
53.125 0.062
52.188 0.044
51.250 0.025
50.625 0.012
50.625 0.012
50.938 0.019
50.313 0.006
51.250 0.025
51.562 0.031
51.562 0.031
51.250 0.025
51.250 0.025
51.562 0.031
51.250 0.025
50.625 0.012
50.000 0.000
50.313 0.006
50.313 0.006
50.938 0.019
51.875 0.038
50.938 0.019
50.313 0.006
50.625 0.012
50.313 0.006
51.250 0.025
52.500 0.050
50.625 0.013
52.188 0.044
51.875 0.038
51.562 0.031
50.313 0.006
50.938 0.019
49.688 -0.006
49.062 -0.019
49.375 -0.012
50.625 0.012
50.625 0.012
50.625 0.013
50.938 0.019
49.688 -0.006
49.062 -0.019
51.250 0.025
50.313 0.006
51.562 0.031
50.313 0.006
50.313 0.006
50.313 0.006
50.625 0.012
50.000 0.000
49.375 -0.012
48.750 -0.025
50.625 0.013
50.625 0.012
50.000 0.000
50.938 0.019
50.000 0.000
50.000 0.000
50.313 0.006
49.062 -0.019
50.938 0.019
50.938 0.019
50.625 0.012
49.688 -0.006
50.625 0.012
50.625 0.012
50.000 0.000
50.000 0.000
48.438 -0.031
48.438 -0.031
50.000 0.000
50.938 0.019
50.000 0.000
47.812 -0.044
50.938 0.019
50.000 0.000
49.688 -0.006
50.625 0.012
49.688 -0.006
49.062 -0.019
50.313 0.006
50.625 0.012
51.562 0.031
51.875 0.038
50.000 0.000
50.000 0.000
50.313 0.006
49.688 -0.006
49.688 -0.006
49.375 -0.012
50.625 0.012
51.250 0.025
50.938 0.019
52.188 0.044
51.250 0.025
51.562 0.031
52.500 0.050
51.875 0.038
50.000 0.000
50.313 0.006
50.625 0.012
51.562 0.031
51.875 0.038
51.562 0.031
53.438 0.069
52.188 0.044
51.250 0.025
51.562 0.031
52.812 0.056
52.500 0.050
50.938 0.019
51.875 0.038
52.812 0.056
53.125 0.062
52.500 0.050
54.375 0.087
52.500 0.050
54.062 0.081
54.375 0.087
52.812 0.056
52.812 0.056
53.125 0.062
55.000 0.100
53.750 0.075
51.562 0.031
52.500 0.050
54.062 0.081
53.438 0.069
52.812 0.056
52.812 0.056
54.062 0.081
53.438 0.069
53.125 0.062
53.125 0.062
52.812 0.056
52.500 0.050
52.188 0.044
52.812 0.056
52.812 0.056
54.062 0.081
52.812 0.056
51.562 0.031
52.812 0.056
52.812 0.056
51.875 0.038
52.188 0.044
52.188 0.044
54.375 0.087
54.062 0.081
54.062 0.081
55.000 0.100
53.125 0.062
53.125 0.062
52.188 0.044
52.812 0.056
53.750 0.075
55.312 0.106
54.375 0.087
52.812 0.056
50.000 0.000
50.938 0.019
53.438 0.069
54.688 0.094
54.375 0.088
55.000 0.100
54.688 0.094
55.312 0.106
53.438 0.069
54.375 0.087
55.312 0.106
54.062 0.081
54.062 0.081
53.438 0.069
53.125 0.062
54.062 0.081
53.125 0.062
54.062 0.081
54.062 0.081
55.000 0.100
51.875 0.038
54.062 0.081
53.125 0.062
53.125 0.062
52.812 0.056
52.812 0.056
54.688 0.094
54.688 0.094
53.438 0.069
55.625 0.112
54.688 0.094
53.438 0.069
55.000 0.100
55.625 0.113
53.125 0.062
53.125 0.062
51.562 0.031
52.812 0.056
53.125 0.062
52.812 0.056
53.125 0.062
52.812 0.056
53.438 0.069
53.125 0.062
53.125 0.062
53.750 0.075
53.125 0.062
52.500 0.050
52.500 0.050
53.438 0.069
53.438 0.069
51.250 0.025
51.875 0.038
51.250 0.025
52.812 0.056
52.188 0.044
52.188 0.044
52.500 0.050
50.000 0.000
50.938 0.019
53.125 0.062
52.500 0.050
52.812 0.056
51.875 0.038
51.562 0.031
51.562 0.031
51.250 0.025
52.500 0.050
51.250 0.025
50.938 0.019
51.875 0.038
52.812 0.056
51.875 0.038
53.125 0.062
54.375 0.088
50.625 0.012
52.500 0.050
51.875 0.038
50.000 0.000
50.313 0.006
50.938 0.019
52.812 0.056
52.500 0.050
51.875 0.038
52.188 0.044
50.938 0.019
52.500 0.050
54.062 0.081
53.125 0.062
51.875 0.038
52.812 0.056
52.500 0.050
53.125 0.062
52.812 0.056
54.062 0.081
53.125 0.062
52.812 0.056
51.562 0.031
53.750 0.075
51.250 0.025
52.188 0.044
50.938 0.019
52.500 0.050
51.875 0.038
50.938 0.019
51.562 0.031
51.250 0.025
51.562 0.031
52.812 0.056
53.125 0.062
52.812 0.056
51.250 0.025
50.938 0.019
49.688 -0.006
51.562 0.031
51.562 0.031
51.250 0.025
51.562 0.031
50.000 0.000
51.562 0.031
50.938 0.019
53.438 0.069
54.062 0.081
53.438 0.069
51.250 0.025
50.625 0.012
52.188 0.044
52.812 0.056
52.188 0.044
52.500 0.050
51.875 0.038
51.875 0.038
50.625 0.012
51.562 0.031
53.125 0.062
54.062 0.081
53.750 0.075
53.750 0.075
52.500 0.050
52.500 0.050
50.938 0.019
51.250 0.025
51.562 0.031
52.812 0.056
51.562 0.031
51.250 0.025
52.500 0.050
51.250 0.025
52.500 0.050
52.188 0.044
52.188 0.044
53.438 0.069
53.438 0.069
52.500 0.050
53.125 0.062
54.062 0.081
52.812 0.056
52.812 0.056
51.875 0.038
51.875 0.038
51.562 0.031
52.500 0.050
52.188 0.044
52.812 0.056
52.500 0.050
51.562 0.031
51.875 0.038
52.812 0.056
52.500 0.050
51.875 0.038
51.875 0.038
51.875 0.038
51.250 0.025
51.562 0.031
51.250 0.025
51.875 0.038
51.562 0.031
53.125 0.062
51.250 0.025
52.500 0.050
50.938 0.019
50.938 0.019
50.938 0.019
53.438 0.069
52.812 0.056
54.062 0.081
51.875 0.038
52.188 0.044
50.000 0.000
51.562 0.031
52.812 0.056
52.188 0.044
50.313 0.006
51.250 0.025
50.313 0.006
51.250 0.025
49.688 -0.006
51.562 0.031
50.313 0.006
50.625 0.012
50.313 0.006
50.938 0.019
51.250 0.025
50.625 0.012
50.625 0.012
50.625 0.012
51.250 0.025
50.938 0.019
50.313 0.006
51.250 0.025
50.313 0.006
50.625 0.012
51.562 0.031
50.938 0.019
50.000 0.000
49.688 -0.006
49.375 -0.012
49.375 -0.012
48.750 -0.025
51.250 0.025
52.188 0.044
52.500 0.050
51.875 0.038
49.375 -0.013
50.938 0.019
50.938 0.019
50.313 0.006
50.000 0.000
51.250 0.025
51.562 0.031
52.500 0.050
52.188 0.044
50.625 0.012
50.313 0.006
51.250 0.025
50.625 0.012
50.938 0.019
50.938 0.019
51.250 0.025
50.938 0.019
50.000 0.000
51.562 0.031
50.938 0.019
51.250 0.025
50.938 0.019
50.938 0.019
49.688 -0.006
49.688 -0.006
51.250 0.025
50.313 0.006
50.938 0.019
50.000 0.000
50.000 0.000
49.062 -0.019
49.062 -0.019
50.625 0.012
50.000 0.000
50.938 0.019
49.375 -0.012
49.375 -0.013
50.625 0.012
49.375 -0.012
49.375 -0.012
49.688 -0.006
50.625 0.012
50.000 0.000
48.438 -0.031
47.500 -0.050
48.438 -0.031
48.750 -0.025
48.125 -0.037
50.313 0.006
50.625 0.012
50.313 0.006
50.625 0.012
52.188 0.044
50.000 0.000
50.313 0.006
48.125 -0.037
48.438 -0.031
48.750 -0.025
47.812 -0.044
47.812 -0.044
48.750 -0.025
49.375 -0.012
49.375 -0.012
50.313 0.006
49.375 -0.013
50.000 0.000
49.375 -0.013
49.375 -0.013
50.938 0.019
49.062 -0.019
49.062 -0.019
49.688 -0.006
50.000 0.000
49.375 -0.012
50.313 0.006
50.000 0.000
49.062 -0.019
50.313 0.006
50.625 0.012
50.000 0.000
51.875 0.038
51.562 0.031
52.188 0.044
50.625 0.012
50.313 0.006
50.625 0.012
49.062 -0.019
49.688 -0.006
49.688 -0.006
49.375 -0.013
50.313 0.006
49.375 -0.012
48.750 -0.025
49.062 -0.019
49.375 -0.012
49.375 -0.012
50.313 0.006
50.938 0.019
49.062 -0.019
50.000 0.000
51.250 0.025
49.375 -0.012
49.062 -0.019
49.375 -0.012
49.688 -0.006
50.625 0.012
51.250 0.025
51.875 0.038
50.000 0.000
50.625 0.012
50.625 0.012
51.250 0.025
49.688 -0.006
50.625 0.012
49.688 -0.006
50.625 0.012
50.625 0.013
50.938 0.019
49.375 -0.012
48.750 -0.025
49.375 -0.012
50.625 0.012
50.625 0.012
49.688 -0.006
50.313 0.006
50.000 0.000
50.000 0.000
51.562 0.031
51.875 0.038
50.625 0.012
50.938 0.019
50.938 0.019
49.688 -0.006
48.750 -0.025
48.438 -0.031
49.375 -0.012
50.938 0.019
51.562 0.031
50.938 0.019
50.625 0.012
50.938 0.019
51.250 0.025
51.875 0.038
51.875 0.038
52.500 0.050
52.812 0.056
50.938 0.019
51.875 0.038
51.562 0.031
50.625 0.012
50.625 0.012
49.688 -0.006
49.062 -0.019
49.688 -0.006
50.313 0.006
52.812 0.056
53.750 0.075
51.562 0.031
52.188 0.044
51.562 0.031
52.188 0.044
51.875 0.038
52.812 0.056
52.812 0.056
51.562 0.031
51.562 0.031
51.875 0.038
52.188 0.044
52.188 0.044
51.250 0.025
51.562 0.031
51.562 0.031
52.188 0.044
52.500 0.050
52.812 0.056
52.500 0.050
52.188 0.044
54.062 0.081
53.438 0.069
52.188 0.044
53.750 0.075
51.562 0.031
51.562 0.031
51.250 0.025
50.625 0.013
50.938 0.019
50.938 0.019
52.500 0.050
51.875 0.038
51.875 0.038
50.938 0.019
50.938 0.019
51.875 0.038
51.250 0.025
51.875 0.038
50.938 0.019
50.938 0.019
50.625 0.012
50.625 0.013
52.500 0.050
51.250 0.025
49.688 -0.006
51.562 0.031
52.500 0.050
51.562 0.031
52.500 0.050
52.188 0.044
53.438 0.069
50.313 0.006
52.188 0.044
50.625 0.012
50.000 0.000
49.688 -0.006
50.000 0.000
50.625 0.013
49.688 -0.006
51.875 0.038
51.562 0.031
52.188 0.044
52.500 0.050
50.625 0.012
50.938 0.019
51.562 0.031
50.938 0.019
50.938 0.019
51.250 0.025
52.188 0.044
50.938 0.019
51.562 0.031
50.313 0.006
50.938 0.019
50.000 0.000
51.250 0.025
52.188 0.044
50.938 0.019
50.938 0.019
51.250 0.025
52.500 0.050
52.188 0.044
52.500 0.050
53.750 0.075
52.188 0.044
53.438 0.069
51.875 0.038
51.250 0.025
50.938 0.019
52.188 0.044
51.875 0.038
52.188 0.044
51.875 0.038
52.812 0.056
52.500 0.050
53.438 0.069
51.562 0.031
53.438 0.069
53.125 0.062
52.500 0.050
53.125 0.062
52.500 0.050
53.125 0.062
53.750 0.075
54.062 0.081
52.812 0.056
51.875 0.038
50.938 0.019
51.562 0.031
50.938 0.019
51.875 0.038
52.812 0.056
52.188 0.044
51.562 0.031
52.188 0.044
53.125 0.062
52.812 0.056
52.812 0.056
52.812 0.056
52.500 0.050
52.500 0.050
52.188 0.044
53.125 0.062
53.438 0.069
53.438 0.069
52.500 0.050
51.875 0.038
51.875 0.038
53.125 0.062
52.812 0.056
53.125 0.062
51.875 0.038
54.375 0.087
53.750 0.075
54.062 0.081
53.750 0.075
52.812 0.056
53.438 0.069
53.125 0.062
54.688 0.094
54.062 0.081
52.812 0.056
51.562 0.031
52.812 0.056
54.062 0.081
54.688 0.094
55.000 0.100
55.312 0.106
55.312 0.106
54.062 0.081
53.750 0.075
54.688 0.094
53.438 0.069
53.125 0.062
53.750 0.075
52.812 0.056
53.750 0.075
53.438 0.069
52.812 0.056
53.438 0.069
52.812 0.056
54.688 0.094
56.563 0.131
55.625 0.113
54.062 0.081
55.937 0.119
54.375 0.087
54.062 0.081
55.000 0.100
54.062 0.081
54.375 0.088
54.688 0.094
53.750 0.075
53.750 0.075
54.688 0.094
54.062 0.081
55.312 0.106
55.625 0.113
56.250 0.125
55.625 0.113
56.250 0.125
54.688 0.094
52.188 0.044
52.812 0.056
52.812 0.056
53.750 0.075
52.188 0.044
54.688 0.094
54.688 0.094
54.688 0.094
55.000 0.100
55.937 0.119
55.000 0.100
53.750 0.075
52.188 0.044
54.062 0.081
52.500 0.050
53.750 0.075
53.125 0.062
52.188 0.044
52.188 0.044
53.750 0.075
53.125 0.062
52.812 0.056
53.750 0.075
52.188 0.044
51.875 0.038
50.000 0.000
52.812 0.056
51.875 0.038
54.062 0.081
54.062 0.081
53.438 0.069
54.688 0.094
52.188 0.044
50.625 0.012
52.500 0.050
51.875 0.038
52.188 0.044
52.812 0.056
52.500 0.050
52.500 0.050
52.500 0.050
53.125 0.062
54.062 0.081
53.125 0.062
53.438 0.069
52.188 0.044
52.500 0.050
52.188 0.044
53.125 0.062
54.062 0.081
51.875 0.038
51.875 0.038
52.812 0.056
52.812 0.056
54.375 0.087
55.000 0.100
53.438 0.069
53.750 0.075
53.125 0.062
52.500 0.050
53.750 0.075
54.688 0.094
53.438 0.069
51.250 0.025
52.188 0.044
52.188 0.044
54.375 0.087
54.062 0.081
55.625 0.113
55.625 0.113
51.875 0.038
52.812 0.056
54.062 0.081
53.125 0.062
54.062 0.081
53.750 0.075
52.812 0.056
53.125 0.062
52.188 0.044
55.000 0.100
54.688 0.094
55.937 0.119
55.937 0.119
55.625 0.112
54.062 0.081
54.688 0.094
53.438 0.069
53.125 0.062
54.688 0.094
54.062 0.081
53.438 0.069
55.000 0.100
52.812 0.056
53.125 0.062
53.438 0.069
53.438 0.069
52.188 0.044
53.750 0.075
53.750 0.075
53.750 0.075
52.188 0.044
53.438 0.069
53.438 0.069
51.875 0.038
53.750 0.075
55.000 0.100
53.750 0.075
54.062 0.081
54.062 0.081
54.375 0.087
53.750 0.075
53.438 0.069
53.438 0.069
51.562 0.031
52.812 0.056
53.125 0.062
52.188 0.044
52.812 0.056
53.438 0.069
52.500 0.050
53.125 0.062
52.188 0.044
51.875 0.038
51.875 0.038
52.812 0.056
51.875 0.038
51.562 0.031
50.938 0.019
50.313 0.006
51.562 0.031
50.313 0.006
51.250 0.025
52.812 0.056
52.812 0.056
52.188 0.044
51.250 0.025
50.938 0.019
49.375 -0.012
51.250 0.025
50.625 0.012
50.313 0.006
51.562 0.031
51.250 0.025
52.812 0.056
52.812 0.056
51.250 0.025
51.875 0.038
50.313 0.006
50.313 0.006
51.250 0.025
51.875 0.038
52.188 0.044
52.188 0.044
53.750 0.075
52.812 0.056
52.812 0.056
51.875 0.038
52.188 0.044
52.188 0.044
51.875 0.038
50.313 0.006
50.000 0.000
49.688 -0.006
53.438 0.069
51.562 0.031
53.125 0.062
52.812 0.056
52.500 0.050
51.562 0.031
50.313 0.006
51.875 0.038
51.250 0.025
49.375 -0.012
50.313 0.006
53.125 0.062
51.875 0.038
52.188 0.044
50.625 0.012
49.688 -0.006
50.313 0.006
50.938 0.019
51.250 0.025
51.562 0.031
51.250 0.025
50.625 0.012
51.875 0.038
50.938 0.019
51.562 0.031
50.625 0.012
52.500 0.050
51.250 0.025
50.938 0.019
50.313 0.006
51.562 0.031
50.313 0.006
50.625 0.012
52.812 0.056
52.812 0.056
54.375 0.087
53.750 0.075
54.375 0.087
53.125 0.062
53.125 0.062
53.750 0.075
52.188 0.044
52.812 0.056
52.188 0.044
52.500 0.050
51.562 0.031
51.562 0.031
51.875 0.038
51.875 0.038
51.250 0.025
51.250 0.025
51.875 0.038
54.062 0.081
53.750 0.075
52.812 0.056
52.188 0.044
51.562 0.031
49.688 -0.006
50.938 0.019
50.625 0.012
51.562 0.031
51.562 0.031
51.562 0.031
52.500 0.050
53.125 0.062
53.125 0.062
51.562 0.031
50.625 0.013
51.875 0.038
52.812 0.056
52.188 0.044
51.562 0.031
51.875 0.038
52.812 0.056
53.125 0.062
54.375 0.087
54.375 0.087
52.812 0.056
52.812 0.056
52.812 0.056
52.188 0.044
52.812 0.056
53.438 0.069
51.250 0.025
51.875 0.038
52.500 0.050
51.875 0.038
52.500 0.050
52.812 0.056
52.812 0.056
53.750 0.075
54.375 0.087
53.750 0.075
53.750 0.075
53.438 0.069
50.938 0.019
51.562 0.031
52.812 0.056
53.750 0.075
54.375 0.087
56.250 0.125
53.750 0.075
52.812 0.056
51.875 0.038
53.438 0.069
53.125 0.062
53.125 0.062
52.500 0.050
53.125 0.062
52.812 0.056
52.188 0.044
52.188 0.044
53.438 0.069
53.125 0.062
51.562 0.031
52.812 0.056
52.500 0.050
53.125 0.062
53.125 0.062
53.750 0.075
54.375 0.087
53.750 0.075
52.812 0.056
53.125 0.062
51.875 0.038
51.875 0.038
52.500 0.050
51.875 0.038
52.188 0.044
54.375 0.087
55.312 0.106
55.312 0.106
54.375 0.087
54.062 0.081
51.875 0.038
53.438 0.069
54.688 0.094
55.937 0.119
55.625 0.112
54.375 0.087
53.438 0.069
53.750 0.075
55.312 0.106
55.937 0.119
55.625 0.112
54.688 0.094
53.750 0.075
55.937 0.119
55.625 0.113
55.937 0.119
55.625 0.113
55.937 0.119
55.625 0.113
54.688 0.094
53.750 0.075
53.438 0.069
53.438 0.069
54.688 0.094
54.688 0.094
54.062 0.081
54.062 0.081
55.312 0.106
54.062 0.081
54.062 0.081
54.688 0.094
53.750 0.075
54.688 0.094
54.062 0.081
53.750 0.075
54.375 0.087
54.062 0.081
54.375 0.087
55.937 0.119
56.250 0.125
55.625 0.113
55.000 0.100
55.000 0.100
53.438 0.069
53.750 0.075
54.375 0.087
54.375 0.087
53.438 0.069
53.438 0.069
52.812 0.056
53.750 0.075
56.563 0.131
55.625 0.113
55.000 0.100
53.750 0.075
53.125 0.062
54.062 0.081
55.312 0.106
55.937 0.119
55.312 0.106
54.375 0.087
55.937 0.119
57.188 0.144
55.625 0.112
55.000 0.100
54.062 0.081
54.375 0.087
54.375 0.087
54.375 0.087
52.500 0.050
54.062 0.081
53.125 0.062
54.375 0.087
55.312 0.106
54.688 0.094
53.125 0.062
55.312 0.106
54.375 0.087
54.688 0.094
54.688 0.094
54.062 0.081
53.750 0.075
53.125 0.062
53.125 0.062
51.562 0.031
52.188 0.044
53.125 0.062
52.500 0.050
54.062 0.081
54.062 0.081
54.062 0.081
54.062 0.081
54.062 0.081
53.750 0.075
52.812 0.056
52.500 0.050
53.125 0.062
52.188 0.044
51.875 0.038
52.188 0.044
52.812 0.056
52.812 0.056
53.438 0.069
53.750 0.075
53.125 0.062
52.812 0.056
52.812 0.056
52.500 0.050
53.750 0.075
54.375 0.087
54.062 0.081
54.688 0.094
54.062 0.081
54.375 0.087
54.375 0.087
52.500 0.050
53.125 0.062
52.500 0.050
52.812 0.056
54.062 0.081
54.062 0.081
54.375 0.087
53.750 0.075
53.750 0.075
54.375 0.087
53.438 0.069
53.125 0.062
52.812 0.056
53.750 0.075
55.625 0.113
55.625 0.112
54.062 0.081
54.375 0.087
54.375 0.087
54.688 0.094
53.750 0.075
53.438 0.069
53.750 0.075
55.000 0.100
54.062 0.081
54.375 0.087
55.000 0.100
55.937 0.119
54.375 0.087
52.812 0.056
53.125 0.062
52.500 0.050
54.062 0.081
53.438 0.069
54.062 0.081
52.500 0.050
51.250 0.025
51.562 0.031
53.438 0.069
53.125 0.062
54.062 0.081
53.750 0.075
53.125 0.062
53.750 0.075
52.812 0.056
52.188 0.044
52.812 0.056
53.750 0.075
52.500 0.050
52.188 0.044
53.438 0.069
52.188 0.044
52.500 0.050
52.188 0.044
52.500 0.050
52.500 0.050
52.188 0.044
51.250 0.025
52.188 0.044
52.812 0.056
52.812 0.056
53.125 0.062
53.438 0.069
51.875 0.038
51.562 0.031
51.250 0.025
52.188 0.044
50.938 0.019
50.625 0.013
50.938 0.019
50.938 0.019
52.812 0.056
52.500 0.050
52.812 0.056
53.125 0.062
51.875 0.038
52.500 0.050
52.812 0.056
52.500 0.050
52.188 0.044
52.188 0.044
50.625 0.012
51.562 0.031
52.500 0.050
53.125 0.062
53.125 0.062
52.500 0.050
52.812 0.056
51.875 0.038
53.125 0.062
52.188 0.044
53.125 0.062
51.875 0.038
51.562 0.031
53.125 0.062
52.812 0.056
51.250 0.025
50.938 0.019
50.938 0.019
51.875 0.038
52.812 0.056
52.812 0.056
51.562 0.031
50.938 0.019
50.625 0.012
51.562 0.031
52.188 0.044
52.812 0.056
51.562 0.031
50.313 0.006
50.625 0.013
50.625 0.013
51.875 0.038
50.938 0.019
49.688 -0.006
50.938 0.019
50.625 0.012
50.938 0.019
51.875 0.038
51.875 0.038
51.562 0.031
51.875 0.038
51.250 0.025
51.875 0.038
51.250 0.025
51.250 0.025
52.188 0.044
52.812 0.056
52.812 0.056
51.562 0.031
51.562 0.031
50.938 0.019
50.938 0.019
51.250 0.025
52.812 0.056
52.812 0.056
52.812 0.056
54.062 0.081
53.750 0.075
53.125 0.062
53.750 0.075
53.438 0.069
52.188 0.044
50.938 0.019
50.938 0.019
50.938 0.019
53.125 0.062
52.812 0.056
52.812 0.056
53.125 0.062
53.125 0.062
55.000 0.100
55.625 0.112
55.625 0.113
55.312 0.106
55.312 0.106
54.688 0.094
53.125 0.062
53.125 0.062
53.438 0.069
53.438 0.069
54.688 0.094
55.000 0.100
54.375 0.087
54.375 0.087
55.312 0.106
53.438 0.069
55.000 0.100
55.312 0.106
53.750 0.075
53.438 0.069
54.062 0.081
53.125 0.062
53.750 0.075
54.375 0.087
53.750 0.075
54.062 0.081
53.125 0.062
53.750 0.075
53.125 0.062
52.500 0.050
52.500 0.050
52.812 0.056
53.438 0.069
54.375 0.087
54.062 0.081
55.312 0.106
55.000 0.100
55.625 0.112
55.000 0.100
53.125 0.062
52.188 0.044
52.500 0.050
52.812 0.056
52.812 0.056
52.188 0.044
53.750 0.075
53.125 0.062
53.438 0.069
53.438 0.069
55.000 0.100
55.312 0.106
54.062 0.081
54.375 0.087
53.750 0.075
53.438 0.069
52.812 0.056
53.125 0.062
53.125 0.062
54.062 0.081
54.375 0.087
54.688 0.094
53.750 0.075
53.438 0.069
54.062 0.081
56.250 0.125
55.000 0.100
54.688 0.094
54.375 0.087
53.438 0.069
54.375 0.087
54.688 0.094
54.688 0.094
55.312 0.106
53.438 0.069
52.500 0.050
54.375 0.087
55.000 0.100
55.000 0.100
54.375 0.087
54.688 0.094
55.312 0.106
55.625 0.113
55.625 0.113
55.625 0.113
55.625 0.113
56.250 0.125
56.250 0.125
55.937 0.119
55.312 0.106
55.312 0.106
56.250 0.125
55.312 0.106
54.688 0.094
55.937 0.119
55.937 0.119
55.625 0.113
55.937 0.119
56.875 0.137
56.563 0.131
56.563 0.131
57.812 0.156
58.438 0.169
59.375 0.188
57.812 0.156
57.500 0.150
57.188 0.144
57.500 0.150
58.125 0.163
58.125 0.163
57.188 0.144
56.563 0.131
56.875 0.138
58.750 0.175
58.125 0.163
58.438 0.169
58.438 0.169
58.750 0.175
58.750 0.175
60.000 0.200
57.812 0.156
57.812 0.156
57.188 0.144
58.125 0.163
58.438 0.169
58.750 0.175
59.062 0.181
58.438 0.169
58.750 0.175
60.000 0.200
59.062 0.181
59.062 0.181
59.688 0.194
58.125 0.163
59.375 0.188
59.062 0.181
59.375 0.188
60.312 0.206
59.375 0.188
60.625 0.212
59.375 0.188
59.062 0.181
59.375 0.188
59.688 0.194
58.750 0.175
58.438 0.169
58.125 0.163
59.688 0.194
60.312 0.206
60.000 0.200
60.625 0.212
59.062 0.181
58.750 0.175
60.312 0.206
59.062 0.181
59.688 0.194
59.688 0.194
58.750 0.175
58.438 0.169
58.438 0.169
60.000 0.200
60.000 0.200
60.938 0.219
60.000 0.200
60.000 0.200
59.375 0.188
59.375 0.188
58.750 0.175
59.062 0.181
58.750 0.175
59.375 0.188
59.062 0.181
59.375 0.188
59.375 0.188
60.625 0.212
60.625 0.212
59.688 0.194
58.438 0.169
59.062 0.181
58.750 0.175
60.000 0.200
59.688 0.194
59.375 0.188
60.000 0.200
60.312 0.206
60.312 0.206
61.562 0.231
59.688 0.194
58.750 0.175
58.750 0.175
59.062 0.181
59.688 0.194
58.750 0.175
58.438 0.169
58.125 0.163
58.438 0.169
59.062 0.181
59.688 0.194
59.688 0.194
60.312 0.206
60.000 0.200
57.812 0.156
59.062 0.181
58.125 0.163
58.125 0.163
60.625 0.212
59.688 0.194
58.125 0.163
58.750 0.175
58.438 0.169
59.375 0.188
59.688 0.194
60.938 0.219
61.250 0.225
60.938 0.219
60.312 0.206
60.625 0.212
61.562 0.231
61.250 0.225
60.625 0.212
60.000 0.200
59.375 0.188
57.188 0.144
58.125 0.163
59.062 0.181
59.688 0.194
60.000 0.200
59.062 0.181
60.938 0.219
61.562 0.231
60.312 0.206
60.312 0.206
59.062 0.181
59.688 0.194
59.375 0.188
59.688 0.194
58.125 0.163
56.250 0.125
58.750 0.175
60.625 0.212
63.125 0.263
60.312 0.206
60.000 0.200
58.438 0.169
58.125 0.163
58.750 0.175
59.062 0.181
60.938 0.219
59.688 0.194
60.000 0.200
59.062 0.181
58.438 0.169
60.000 0.200
60.000 0.200
58.750 0.175
58.438 0.169
58.438 0.169
58.438 0.169
57.812 0.156
57.812 0.156
58.750 0.175
59.375 0.188
57.500 0.150
58.438 0.169
58.438 0.169
59.688 0.194
60.312 0.206
60.312 0.206
58.125 0.163
55.937 0.119
56.250 0.125
56.563 0.131
57.188 0.144
57.188 0.144
58.125 0.163
58.125 0.163
57.812 0.156
57.812 0.156
58.438 0.169
58.750 0.175
58.125 0.163
59.062 0.181
58.438 0.169
57.500 0.150
58.125 0.163
58.125 0.163
56.875 0.137
57.812 0.156
57.500 0.150
58.125 0.163
59.062 0.181
60.625 0.212
59.375 0.188
59.375 0.188
59.688 0.194
57.812 0.156
57.812 0.156
58.125 0.163
58.125 0.163
58.125 0.163
56.875 0.138
56.875 0.137
57.188 0.144
57.188 0.144
56.875 0.137
56.875 0.138
56.875 0.137
56.875 0.137
58.750 0.175
58.125 0.163
57.188 0.144
58.125 0.163
59.375 0.188
57.500 0.150
57.812 0.156
58.438 0.169
59.688 0.194
59.375 0.188
57.500 0.150
57.812 0.156
56.250 0.125
58.438 0.169
57.812 0.156
58.125 0.163
59.062 0.181
58.438 0.169
56.563 0.131
55.937 0.119
56.250 0.125
56.875 0.137
